ID	Range	Rate	Angle	Rcs	Snr
1	0.8	-0.1	7.4	-29.0	22
2	2.7	0.0	-39.2	-28.0	39
3	5.4	0.0	-27.6	-30.0	34

1	0.8	-0.1	-72.8	-28.5	22
2	2.6	0.0	-2.2	-28.5	39
3	5.5	0.0	-2.2	-29.5	35

1	2.5	0.0	-1.9	-28.0	39
2	5.4	0.0	15.4	-29.5	36

1	2.6	0.0	-39.4	-28.0	39
2	5.4	0.0	15.4	-30.0	36

1	0.8	-0.1	7.0	-33.0	19
2	2.7	0.0	-39.5	-28.0	39
3	5.4	0.0	15.8	-30.5	35

1	2.6	0.0	-39.5	-29.0	39
2	5.4	0.0	15.8	-30.0	36

1	2.5	0.0	-39.1	-28.5	40
2	5.5	0.0	15.6	-30.5	35

1	2.5	0.0	-1.9	-28.0	41
2	5.5	0.0	-54.9	-30.5	34

1	2.5	0.0	-1.9	-28.5	39
2	5.4	0.0	-55.4	-30.5	33
3	9.3	0.0	62.9	-47.0	14
4	9.3	0.0	-41.0	-48.0	13

1	2.6	0.0	-38.7	-28.0	42
2	5.4	0.0	15.8	-30.5	33

1	2.6	0.0	-39.5	-28.0	41
2	5.5	0.0	-54.7	-30.5	32

1	1.5	0.0	7.4	-29.5	34
2	2.6	0.0	-38.8	-28.0	40
3	5.5	0.0	-54.9	-30.5	35
4	5.5	0.0	-7.7	-32.5	33

1	2.6	0.0	-38.6	-28.0	41
2	5.4	0.0	-55.0	-31.0	32
3	5.4	0.0	-7.5	-33.0	30

1	2.6	0.0	-38.5	-27.5	41
2	5.5	0.0	15.5	-31.5	34
3	5.5	0.0	45.8	-33.5	32

1	0.8	0.0	-74.7	-30.5	23
2	2.7	0.0	-38.4	-28.0	41
3	5.4	0.0	15.4	-32.0	34

1	0.8	0.0	7.1	-29.5	22
2	2.7	0.0	-38.4	-27.5	41
3	5.4	0.0	15.5	-32.0	32

1	0.8	0.0	7.2	-29.0	23
2	2.7	0.0	-38.5	-27.5	41
3	5.4	0.0	15.7	-31.5	33

1	0.9	0.0	7.3	-29.5	23
2	2.7	0.0	-38.5	-27.5	41
3	5.5	0.0	15.1	-31.0	33

1	0.9	0.0	7.5	-29.5	22
2	2.7	0.0	-38.4	-28.0	41
3	5.5	0.0	15.5	-31.0	35

1	1.0	0.0	7.6	-29.0	36
2	2.7	0.0	-38.3	-27.5	41
3	5.5	0.0	16.1	-31.0	34

1	0.9	0.0	7.1	-29.5	23
2	2.7	0.0	-38.3	-27.5	41
3	5.5	0.0	15.8	-31.0	34

1	0.9	0.0	7.1	-29.5	22
2	0.9	0.0	50.4	-31.5	20
3	2.7	0.0	-38.3	-27.5	42
4	5.5	0.0	15.8	-30.5	34

1	0.8	0.0	7.1	-29.0	22
2	0.8	0.0	49.7	-30.0	21
3	2.7	0.0	-38.5	-28.0	39
4	5.5	0.0	15.5	-30.5	34

1	0.8	0.0	-9.7	-29.5	23
2	0.8	0.0	-16.8	-31.5	21
3	2.7	0.0	-38.5	-28.0	41
4	5.5	0.0	15.1	-31.0	35

1	0.8	0.0	-10.7	-28.0	24
2	2.7	0.0	-38.9	-28.0	39
3	5.5	0.0	14.7	-31.0	33

1	0.8	0.0	-10.7	-28.0	24
2	2.7	0.0	-38.9	-28.0	41
3	5.4	0.0	14.8	-31.5	32

1	0.8	0.0	7.2	-28.5	24
2	0.8	0.0	36.6	-30.5	22
3	2.7	0.0	-38.6	-28.0	41
4	5.4	0.0	14.9	-32.0	33

1	0.9	0.0	7.4	-29.5	22
2	2.7	0.0	-38.4	-27.5	41
3	5.4	0.0	14.8	-31.5	32

1	2.7	0.0	-38.5	-27.0	42
2	5.4	0.0	15.4	-30.5	34

1	0.9	0.0	6.6	-31.0	22
2	0.9	0.0	-64.4	-33.0	20
3	2.7	0.0	-38.8	-27.0	41
4	5.4	0.0	16.1	-30.5	34

1	0.9	0.0	5.9	-30.5	20
2	0.9	0.0	-18.4	-32.5	18
3	2.7	0.0	-38.7	-27.5	41
4	5.4	0.0	15.6	-30.5	35

1	2.6	0.0	-38.5	-27.0	41
2	5.4	0.0	15.1	-31.0	33

1	2.6	0.0	-38.9	-27.0	41
2	5.6	0.0	15.2	-31.0	34

1	2.6	0.0	-38.2	-27.0	41
2	5.4	0.0	15.8	-30.0	34
3	5.4	0.0	45.8	-32.0	32

1	2.7	0.0	-38.3	-27.5	41
2	5.4	0.0	15.9	-30.0	34
3	5.4	0.0	45.4	-32.0	32

1	0.9	0.0	6.2	-31.0	21
2	2.7	0.0	-38.6	-27.5	41
3	5.4	0.0	15.7	-30.0	34

1	0.8	0.0	-40.1	-31.0	20
2	2.7	0.0	-38.7	-27.5	41
3	5.4	0.0	15.3	-29.5	35

1	0.7	0.0	-39.9	-31.0	20
2	2.7	0.0	-38.7	-27.5	40
3	5.4	0.0	16.1	-30.5	34

1	0.7	0.0	-39.8	-31.5	21
2	2.7	0.0	-38.6	-27.5	41
3	5.4	0.0	16.4	-31.0	34

1	0.7	0.0	6.3	-31.5	20
2	2.7	0.0	-38.4	-27.5	41
3	5.3	0.0	15.9	-31.0	34

1	0.8	0.0	-39.4	-31.0	20
2	2.7	0.0	-38.4	-28.0	41
3	5.4	0.0	-29.1	-31.5	32

1	0.9	0.0	5.7	-31.0	22
2	0.9	0.0	36.9	-33.0	20
3	2.6	0.0	-38.4	-28.0	40
4	5.4	0.0	15.1	-31.0	35

1	2.6	0.0	-1.8	-28.0	39
2	5.4	0.0	15.6	-30.0	34

1	0.9	0.0	-55.0	-33.0	18
2	2.6	0.0	-38.8	-28.0	40
3	5.4	0.0	16.0	-28.5	36

1	2.6	0.0	-38.3	-28.0	39
2	5.4	0.0	15.8	-29.0	34

1	2.6	0.0	-39.0	-28.5	38
2	5.4	0.0	16.6	-30.5	35

1	0.7	0.0	6.1	-31.5	20
2	2.7	0.0	-2.3	-28.5	40
3	5.5	0.0	15.9	-30.5	34

1	0.9	0.0	-20.0	-31.0	22
2	2.6	0.0	-2.2	-28.5	39
3	2.6	0.0	-29.8	-29.5	38
4	5.4	0.0	-1.8	-29.5	35

1	2.6	0.0	-2.5	-28.5	39
2	2.6	0.0	-31.1	-30.5	37
3	5.4	0.0	-2.0	-29.5	35

1	0.9	0.0	-29.6	-30.5	21
2	0.9	0.0	-14.5	-32.5	19
3	2.6	0.0	-40.7	-28.5	39
4	5.4	0.0	-2.1	-30.5	36

1	2.6	0.0	-32.3	-29.0	39
2	2.6	0.0	-2.7	-29.0	39
3	5.4	0.0	-2.2	-31.0	34

1	2.5	0.0	-72.0	-29.0	39
2	5.4	0.0	-27.4	-30.0	35
3	9.0	0.0	6.5	-44.0	16
4	9.0	0.0	0.0	-45.0	15
5	9.0	0.0	-62.2	-47.0	13

1	2.5	0.0	-74.0	-29.0	38
2	5.4	0.0	15.8	-30.0	34
3	9.0	0.0	-18.7	-44.5	18
4	9.0	0.0	6.2	-46.5	16

1	2.4	0.0	-74.3	-29.0	38
2	5.4	0.0	15.3	-29.5	36
3	9.0	0.0	66.0	-44.5	18
4	9.0	0.0	-29.0	-46.5	16

1	1.4	-0.1	-19.2	-28.5	36
2	1.4	-0.1	-6.6	-30.5	34
3	2.4	0.0	6.5	-28.5	39
4	2.4	0.0	51.5	-28.5	39
5	5.3	0.0	15.0	-30.5	34

1	0.9	-0.1	-6.0	-29.5	22
2	0.9	-0.1	-30.8	-31.5	20
3	5.3	0.0	15.2	-30.5	34

1	0.8	-0.1	-15.3	-32.0	20
2	2.6	0.0	-74.2	-29.5	39
3	2.6	0.0	-33.1	-31.5	37
4	5.4	0.0	14.4	-30.0	33
5	5.4	0.0	-2.1	-32.0	31

1	2.5	0.0	-34.3	-28.5	40
2	5.4	0.0	-2.5	-30.0	34
3	5.4	0.0	13.2	-31.0	33

1	2.5	0.0	-39.7	-29.0	38
2	5.4	0.0	-2.1	-30.0	34
3	5.4	0.0	-8.1	-32.0	32

1	0.8	-0.1	-7.6	-31.5	21
2	2.6	0.0	-71.3	-28.5	40
3	5.4	0.0	-1.9	-30.0	35
4	5.4	0.0	-8.2	-32.0	33

1	2.7	0.0	-2.6	-28.5	40
2	2.7	0.0	50.3	-30.5	38
3	5.4	0.0	-2.0	-30.0	36

1	2.5	0.0	-2.4	-29.5	39
2	2.5	0.0	-31.2	-31.5	37
3	5.4	0.0	-1.5	-30.5	36

1	2.5	0.0	-2.6	-29.0	39
2	5.4	0.0	-1.9	-30.5	34

1	0.8	-0.1	-56.5	-32.5	18
2	2.5	0.0	-33.8	-29.0	38
3	2.5	0.0	-2.9	-31.0	36
4	5.5	0.0	-1.8	-30.5	34

1	2.6	0.0	-71.5	-29.0	38
2	2.6	0.0	-2.5	-31.0	36
3	2.6	0.0	-6.7	-33.0	34
4	5.5	0.0	-1.7	-30.5	35
5	5.5	0.0	-8.0	-32.5	33

1	2.5	0.0	-38.3	-28.5	39
2	5.4	0.0	15.6	-29.5	36

1	2.4	0.0	-71.9	-29.0	40
2	2.4	0.0	49.6	-31.0	38
3	5.4	0.0	-53.8	-29.5	35
4	8.8	0.0	5.4	-44.0	17

1	2.5	0.0	-39.7	-28.5	39
2	5.4	0.0	-53.8	-29.5	35

1	2.6	0.0	-41.3	-29.5	38
2	5.4	0.0	-54.1	-29.5	34
3	8.7	0.0	-18.4	-43.5	19
4	8.7	0.0	-49.8	-43.5	19

1	5.4	0.0	-2.0	-29.5	35

1	5.4	0.0	15.7	-30.0	33

1	2.6	0.0	-39.8	-29.0	38
2	5.4	0.0	15.7	-30.0	36

1	5.4	0.0	15.6	-30.0	34

1	0.9	-0.1	-74.1	-33.0	18
2	5.4	0.0	15.6	-30.0	36

1	2.6	0.0	-40.1	-29.0	39
2	5.4	0.0	15.4	-30.0	33

1	5.4	0.0	15.0	-30.0	35

1	2.5	0.0	-40.5	-29.0	39
2	5.4	0.0	-28.0	-30.0	35

1	2.5	0.0	-40.3	-29.5	39
2	5.2	0.0	-28.2	-30.0	36

1	2.5	0.0	-39.8	-28.5	40
2	5.3	0.0	-28.0	-29.5	33

1	2.4	0.0	-39.5	-28.5	39
2	5.3	0.0	-27.7	-29.0	34

1	2.5	0.0	-39.9	-28.0	40
2	5.3	0.0	-27.8	-28.5	35

1	2.6	0.0	-39.6	-28.0	40
2	5.3	0.0	-28.1	-29.0	36

1	0.7	-0.1	5.9	-31.5	20
2	2.6	0.0	-39.4	-28.5	40
3	5.3	0.0	-27.8	-29.0	36

1	2.5	0.0	-39.8	-29.0	38
2	5.4	0.0	-27.4	-29.5	33

1	2.5	0.0	-40.0	-29.5	37
2	5.5	0.0	-28.0	-29.0	34

1	2.5	0.0	-39.5	-28.5	38
2	5.5	0.0	-28.1	-29.0	34

1	2.6	0.0	-39.5	-29.0	38
2	5.4	0.0	-28.5	-29.0	36

1	2.6	0.0	-39.1	-29.0	38
2	5.4	0.0	15.4	-29.0	34

1	0.9	-0.1	-73.1	-32.5	18
2	2.5	0.0	-39.9	-29.0	39
3	5.4	0.0	15.9	-29.0	36

1	2.4	0.0	-39.7	-29.5	38
2	5.5	0.0	-7.8	-30.0	35
3	5.5	0.0	-1.9	-31.0	34

1	2.5	0.0	-39.3	-29.0	40
2	5.5	0.0	-27.7	-30.0	33

1	0.8	0.0	-73.4	-33.0	19
2	2.6	0.0	-39.0	-29.0	39
3	5.5	0.0	-27.8	-30.0	34

1	2.6	0.0	-39.1	-28.5	42
2	5.4	0.0	-27.9	-30.0	35

1	2.6	0.0	-39.7	-28.5	41
2	5.3	0.0	-27.6	-29.0	36

1	2.6	0.0	-39.7	-28.5	40
2	5.4	0.0	-28.1	-28.5	37

1	2.6	0.0	-39.5	-28.0	39
2	5.4	0.0	-28.1	-29.5	35

1	0.7	0.0	6.9	-32.5	19
2	2.7	0.0	-39.6	-28.0	39
3	5.4	0.0	-28.2	-28.5	36

1	2.6	0.0	-39.3	-27.5	39
2	5.5	0.0	16.0	-28.5	36

1	2.5	0.0	-39.1	-27.5	39
2	5.4	0.0	16.1	-29.0	36

1	2.6	0.0	-38.9	-27.0	40
2	5.4	0.0	15.7	-29.5	36

1	0.8	0.0	6.4	-33.5	18
2	2.7	0.0	-38.7	-27.5	40
3	5.4	0.0	-2.6	-28.5	35

1	0.6	0.0	-9.5	-32.5	20
2	2.7	0.0	-39.0	-28.0	39
3	5.4	0.0	-54.8	-28.5	35

1	2.6	0.0	-39.1	-28.0	39
2	5.4	0.0	-28.3	-28.0	36

1	2.6	0.0	-39.7	-29.0	40
2	5.4	0.0	-28.2	-28.0	36

1	2.6	0.0	-39.7	-29.5	39
2	5.4	0.0	-27.7	-29.0	37

1	2.6	0.0	-39.8	-30.0	39
2	5.4	0.0	-54.5	-28.5	36

1	2.6	0.0	-39.8	-30.5	37
2	2.6	0.0	25.9	-32.5	35
3	5.3	0.0	-54.0	-28.5	35

1	2.5	0.0	-39.7	-30.5	38
2	2.5	0.0	25.9	-32.5	36
3	5.3	0.0	15.7	-29.5	34

1	5.4	0.0	15.8	-30.0	33

1	5.4	0.0	-27.6	-29.5	35

1	5.4	0.0	-27.6	-29.5	35

1	5.4	0.0	-28.5	-28.5	34

1	5.4	0.0	-28.5	-29.0	36

1	2.6	0.0	15.7	-30.5	38
2	2.6	0.0	6.1	-32.5	36
3	5.4	0.0	15.1	-29.5	36

1	5.5	0.0	-27.5	-29.0	34

1	5.4	0.0	-54.0	-28.0	37

1	0.9	0.0	-19.9	-33.5	19
2	0.9	0.0	-31.0	-35.5	17
3	5.4	0.0	-54.2	-28.5	35

1	5.4	0.0	15.7	-29.5	36
2	11.7	-0.1	49.1	-49.0	13

1	2.2	0.0	-2.6	-29.5	39
2	5.4	0.0	15.7	-29.5	34

1	0.8	0.0	-10.5	-33.0	19
2	2.4	0.0	-2.5	-29.0	38
3	5.4	0.0	15.7	-29.0	36

1	2.4	0.0	-2.3	-29.0	38
2	5.4	0.0	15.7	-28.5	35
3	9.3	0.0	44.9	-45.5	17

1	2.4	0.0	-2.3	-29.0	38
2	5.4	0.0	-55.2	-28.0	38
3	5.4	0.0	-7.6	-30.0	36

1	2.4	0.0	-74.5	-28.5	39
2	5.4	0.0	-28.0	-28.5	37

1	2.3	0.0	16.3	-28.5	39
2	5.4	0.0	-28.0	-28.5	35
3	9.3	0.0	61.6	-46.5	16
4	9.3	0.0	16.0	-48.5	14

1	2.4	0.0	-2.5	-29.0	38
2	2.4	0.0	-7.7	-31.0	36
3	5.4	0.0	-27.8	-28.0	36
4	9.2	0.0	63.4	-46.5	14
5	9.2	0.0	37.4	-47.5	13

1	0.9	-0.1	-30.6	-32.0	21
2	0.9	-0.1	-24.3	-33.0	20
3	5.4	0.0	-28.3	-28.0	38

1	0.9	-0.1	-20.0	-30.0	21
2	5.4	0.0	-28.5	-28.5	37

1	2.4	0.0	-2.2	-28.5	38
2	5.4	0.0	-28.9	-28.0	36
3	9.3	0.0	-29.1	-46.0	17
4	9.3	0.0	-52.1	-48.0	15

1	2.4	0.0	-2.4	-28.5	38
2	5.4	0.0	-28.7	-28.0	36
3	9.3	-0.1	45.8	-46.0	16
4	9.3	-0.1	-26.6	-48.0	14

1	2.4	0.0	-2.3	-28.0	39
2	5.4	0.0	-28.8	-28.5	36
3	9.2	0.0	-30.1	-46.5	15
4	9.2	0.0	-49.1	-48.5	13
5	9.2	0.0	-41.0	-50.5	11

1	2.4	0.0	-2.4	-28.5	38
2	5.4	0.0	15.7	-29.0	36

1	2.5	0.0	-2.5	-28.0	40
2	5.3	0.0	15.9	-29.0	36

1	1.4	-0.1	-19.1	-29.0	36
2	2.5	0.0	-2.7	-28.5	39
3	5.4	0.0	-53.5	-29.0	35

1	2.6	0.0	-2.7	-28.0	39
2	5.5	0.0	-54.6	-29.0	36

1	2.6	0.0	-2.7	-29.0	39
2	5.5	0.0	-53.9	-30.0	35
3	13.9	0.0	56.6	-49.0	13
4	13.9	0.0	9.2	-49.0	13

1	1.3	-0.1	-8.4	-28.5	36
2	2.4	0.0	-2.5	-30.0	39
3	5.4	0.0	15.8	-30.5	35

1	0.8	-0.1	-18.6	-29.0	22
2	0.8	-0.1	-6.5	-31.0	20
3	2.5	0.0	-2.3	-29.5	39
4	5.4	0.0	15.9	-29.5	35

1	0.9	-0.1	-17.9	-30.0	22
2	2.5	0.0	-2.4	-29.0	39
3	5.4	0.0	-54.9	-29.5	34

1	2.4	0.0	-2.0	-28.0	40
2	5.4	0.0	16.2	-29.5	35

1	1.6	0.0	-32.8	-28.0	36
2	1.6	0.0	-53.9	-30.0	34
3	5.3	0.0	16.0	-30.0	34

1	2.4	0.0	-2.0	-28.0	40
2	5.4	0.0	15.8	-29.0	34

1	0.9	0.0	-7.2	-31.5	19
2	2.6	0.0	-2.0	-28.0	39
3	5.4	0.0	15.7	-29.0	35

1	2.6	0.0	-2.5	-27.5	40
2	5.4	0.0	16.1	-28.5	36

1	2.6	0.0	-2.4	-27.5	39
2	5.4	0.0	16.0	-29.0	36

1	2.7	0.0	-2.6	-27.5	39
2	5.4	0.0	-2.5	-29.5	36

1	2.7	0.0	-38.9	-27.0	39
2	5.4	0.0	-2.5	-29.5	34

1	2.7	0.0	-39.1	-27.5	40
2	5.4	0.0	-54.1	-29.5	37

1	2.7	0.0	26.5	-28.5	38
2	5.4	0.0	15.9	-29.5	35

1	0.7	0.0	-22.6	-32.0	19
2	0.7	0.0	-40.0	-32.0	19
3	2.7	0.0	-40.6	-28.5	39
4	5.4	0.0	15.5	-31.0	35

1	0.7	0.0	-73.9	-33.0	20
2	0.7	0.0	-5.3	-35.0	18
3	2.7	0.0	-40.6	-28.5	39
4	5.4	0.0	15.3	-30.5	34

1	2.7	0.0	-40.3	-29.5	39
2	5.4	0.0	15.3	-31.0	34

1	1.6	-0.1	-17.9	-30.5	34
2	1.6	-0.1	-4.7	-32.5	32
3	2.7	0.0	-40.6	-29.0	40
4	5.4	0.0	-6.6	-32.5	31
5	8.2	0.0	29.1	-44.0	20
6	8.2	0.0	-10.0	-46.0	18
7	12.8	23.8	24.4	-49.5	13

1	1.5	0.0	-18.2	-31.0	35
2	2.7	0.0	26.7	-29.0	40
3	5.4	0.0	-7.3	-33.0	32
4	5.4	0.0	-2.2	-34.0	31

1	0.9	0.0	-19.1	-31.0	20
2	2.7	0.0	27.0	-29.5	40
3	5.4	0.0	14.0	-32.5	32

1	0.7	-0.1	-19.4	-30.0	21
2	2.8	0.0	-39.6	-31.0	38
3	5.1	0.0	-54.1	-33.0	32
4	5.1	0.0	3.3	-35.0	30

1	0.8	-0.1	-19.1	-31.0	22
2	2.8	0.0	-40.0	-30.0	39
3	5.2	0.0	13.8	-33.0	34
4	5.2	0.0	-51.1	-35.0	32

1	1.1	-0.1	-63.1	-31.5	34
2	2.8	0.0	-40.1	-30.5	40

1	1.2	-0.1	-6.7	-31.0	35
2	2.7	0.0	-39.8	-31.5	37

1	1.2	0.0	-6.5	-30.5	36
2	2.7	0.0	26.7	-31.5	37

1	1.2	0.0	-7.0	-30.0	34
2	2.7	0.0	-17.0	-31.5	37
3	5.3	0.0	13.7	-34.5	29

1	1.2	0.0	-7.4	-30.0	35
2	2.7	0.0	-17.2	-31.0	39
3	4.8	0.0	11.9	-34.0	30
4	4.8	0.0	-25.0	-35.0	29

1	1.3	0.0	-66.0	-30.0	36
2	1.3	0.0	-30.3	-32.0	34
3	2.7	0.0	-17.4	-31.0	39
4	4.5	0.0	-44.6	-34.5	33

1	1.3	0.0	-66.6	-31.0	34
2	2.7	0.0	-17.6	-31.5	38
3	5.2	0.0	-3.1	-34.0	30
4	5.2	0.0	33.3	-35.0	29
5	5.2	0.0	20.6	-37.0	27

1	1.3	0.0	-66.4	-31.5	34
2	2.7	0.0	26.9	-33.0	38

1	1.2	0.0	-48.1	-32.0	35
2	2.7	0.0	26.7	-33.5	37
3	2.7	0.0	-60.8	-34.5	36
4	4.5	0.0	24.7	-34.0	33

1	1.0	0.0	-48.4	-31.5	35
2	2.7	0.0	50.4	-33.0	37
3	2.7	0.0	60.2	-35.0	35
4	4.2	0.0	5.9	-34.0	34
5	8.1	-0.1	-14.4	-44.0	18

1	0.8	0.0	-48.5	-30.5	21
2	2.8	0.0	26.5	-33.5	38
3	2.8	0.0	-61.4	-35.5	36
4	4.1	0.0	-17.5	-33.0	34

1	0.8	0.0	-48.9	-30.0	22
2	3.0	0.0	51.0	-34.0	37
3	3.0	0.0	26.0	-36.0	35
4	4.1	0.0	-17.3	-32.5	36
5	6.6	0.0	-35.4	-38.0	26

1	0.9	0.0	-49.1	-30.0	21
2	2.9	0.0	-8.4	-34.0	36
3	4.2	0.0	-17.6	-33.5	34
4	6.5	0.0	-35.5	-38.5	27

1	1.0	0.0	-18.9	-30.0	35
2	2.7	0.0	-8.9	-34.0	36
3	4.5	0.0	7.0	-33.5	32
4	6.6	0.0	-36.1	-38.0	27

1	1.1	0.0	-18.8	-29.5	36
2	2.6	0.0	-9.2	-34.0	36
3	4.6	0.0	7.0	-33.0	33

1	1.0	0.0	-18.5	-29.5	35
2	2.6	0.0	-8.9	-33.5	37
3	4.6	0.0	7.1	-32.5	33
4	6.5	-0.1	-36.1	-38.0	25

1	1.0	0.0	-18.3	-29.5	36
2	2.6	0.0	-8.9	-32.5	36
3	4.6	0.0	7.1	-33.0	33
4	4.6	0.0	53.0	-33.0	33
5	6.5	0.0	-35.5	-36.5	25
6	8.6	0.0	-47.9	-45.5	16

1	1.1	0.0	-62.6	-29.5	38
2	1.1	0.0	-19.2	-31.5	36
3	2.7	0.0	-9.1	-32.5	37
4	4.6	0.0	51.6	-33.5	33
5	4.6	0.0	6.9	-33.5	33
6	8.6	0.0	-46.8	-46.0	17

1	1.0	0.0	-18.3	-29.5	37
2	1.0	0.0	-60.5	-31.5	35
3	2.8	0.0	-8.7	-33.0	35
4	4.1	0.0	6.3	-33.5	32
5	5.9	0.0	11.2	-37.0	27
6	5.9	0.0	65.8	-39.0	25

1	0.9	0.0	-18.8	-29.5	22
2	2.0	-0.3	10.7	-55.0	18
3	2.8	0.0	-8.0	-32.0	38
4	2.8	0.0	15.4	-34.0	36
5	2.8	0.0	73.8	-35.0	35

1	0.9	0.0	-19.6	-31.0	22
2	2.9	0.0	-8.9	-33.0	36
3	2.9	0.0	21.1	-34.0	35
4	3.9	0.0	-40.4	-33.0	34

1	1.1	0.0	-30.1	-33.0	31
2	2.9	0.0	-8.8	-31.0	38

1	1.0	0.0	28.3	-31.5	32
2	2.9	0.0	49.7	-34.0	36
3	2.9	0.0	26.9	-36.0	34

1	1.2	0.0	-18.0	-30.0	36
2	2.6	0.0	-8.7	-31.5	39
3	4.7	0.0	34.1	-34.5	32
4	4.7	0.0	-1.6	-35.5	31

1	1.0	0.0	-18.0	-30.5	37
2	2.7	0.0	-8.7	-33.0	39

1	0.8	0.0	-18.2	-30.5	21
2	2.7	0.0	-8.2	-33.0	38
3	5.1	0.0	-7.4	-37.0	28
4	5.1	0.0	-45.2	-38.0	27
5	5.1	0.0	-12.3	-39.0	26
6	13.9	0.0	24.2	-49.0	13

1	0.9	0.0	-19.0	-31.0	21
2	2.8	0.0	-8.3	-33.0	38
3	4.9	0.0	26.6	-35.5	30
4	4.9	0.0	11.4	-37.5	28

1	0.9	0.0	-26.2	-31.5	19
2	2.7	0.0	50.7	-33.5	37
3	5.1	0.0	26.7	-35.0	33

1	0.9	0.0	66.7	-30.0	21
2	0.9	0.0	-5.1	-32.0	19
3	2.8	0.0	26.6	-33.5	37
4	2.8	0.0	-33.4	-35.5	35
5	4.6	0.0	26.1	-34.0	32
6	4.6	0.0	-44.7	-36.0	30

1	0.9	0.0	-17.8	-30.0	22
2	2.8	0.0	26.6	-32.5	38
3	2.8	0.0	-61.1	-34.5	36
4	4.8	0.0	-32.3	-35.5	32
5	4.8	0.0	-25.1	-37.5	30

1	0.9	0.0	-18.3	-29.5	22
2	2.8	0.0	-41.4	-33.5	37

1	1.0	0.0	4.4	-31.5	32
2	2.8	0.0	-42.9	-33.0	37
3	2.8	0.0	-73.7	-35.0	35
4	2.8	0.0	27.1	-36.0	34
5	3.8	0.0	-40.4	-34.0	33
6	3.8	0.0	19.0	-35.0	32

1	0.8	0.0	-8.0	-30.5	22
2	0.8	0.0	56.5	-31.5	21
3	2.7	0.0	49.6	-32.5	37
4	2.7	0.0	26.0	-34.5	35
5	5.4	0.0	14.7	-33.5	30

1	1.0	0.0	-15.9	-31.0	35
2	1.0	0.0	-10.0	-33.0	33
3	2.7	0.0	50.1	-32.0	37
4	5.2	0.0	0.6	-33.0	31
5	5.2	0.0	13.3	-35.0	29
6	5.2	0.0	25.4	-37.0	27

1	1.1	0.0	-18.6	-28.5	34
2	1.1	0.0	6.1	-29.5	33
3	2.6	0.0	50.3	-31.0	39
4	5.2	0.0	15.9	-32.5	31

1	0.9	0.0	-52.2	-30.0	22
2	2.6	0.0	-39.7	-32.5	37
3	5.4	0.0	15.3	-32.5	33
4	13.8	0.0	23.6	-49.0	13

1	0.8	0.0	7.1	-26.5	25
2	0.8	0.0	50.8	-27.5	24
3	2.7	0.0	-12.5	-31.0	38
4	2.7	0.0	-28.3	-32.0	37
5	5.4	0.0	12.1	-32.0	35
6	5.4	0.0	25.3	-33.0	34
7	5.4	0.0	-10.7	-35.0	32

1	0.9	0.0	7.2	-27.5	24
2	2.7	0.0	-27.5	-31.5	39
3	5.3	0.0	16.5	-30.5	33

1	1.1	0.0	-68.0	-26.5	39
2	2.5	0.0	-27.3	-29.5	41
3	5.4	0.0	15.8	-30.0	35

1	1.1	-0.1	-8.7	-26.0	36
2	5.4	0.0	-28.5	-29.0	36

1	0.9	0.0	-65.2	-26.5	24
2	2.5	0.0	-27.4	-30.5	42
3	5.4	0.0	15.5	-30.5	33

1	0.9	0.0	-18.5	-27.0	26
2	0.9	0.0	-34.6	-28.0	25
3	0.9	0.0	-54.3	-29.0	24
4	2.5	0.0	-27.5	-30.0	41
5	2.5	0.0	-0.5	-32.0	39
6	5.5	0.0	-26.7	-30.5	34

1	1.1	0.0	-47.3	-26.0	41
2	5.4	0.0	16.0	-30.5	35

1	1.0	0.0	-64.6	-26.5	37
2	5.4	0.0	-27.9	-30.5	34

1	0.9	0.0	-65.6	-27.0	25
2	5.4	0.0	-27.9	-30.0	34

1	0.9	0.0	-65.7	-26.0	25
2	5.4	0.0	-27.8	-31.0	33

1	0.9	0.0	-65.5	-25.0	26
2	5.4	0.0	-27.7	-30.5	34

1	0.9	0.0	-65.3	-24.0	28
2	5.5	0.0	-27.1	-30.0	34

1	0.9	0.0	-64.5	-24.0	27
2	5.5	0.0	-27.5	-30.5	35

1	1.1	0.0	-65.0	-24.0	41
2	5.6	0.0	-27.1	-30.5	33

1	1.1	0.0	-65.0	-25.0	43
2	5.4	0.0	-27.3	-30.5	34
3	5.4	0.0	11.7	-31.5	33

1	1.1	0.0	-8.8	-26.0	40
2	5.5	0.0	15.6	-30.5	32

1	1.2	0.0	-8.6	-27.0	39
2	5.5	0.0	-27.8	-30.5	32

1	1.2	0.0	-8.8	-26.5	41
2	5.4	0.0	16.0	-31.5	32

1	1.2	0.0	-62.6	-26.5	40
2	5.5	0.0	15.0	-31.5	31

1	1.4	0.0	-20.2	-28.0	38
2	1.4	0.0	-33.9	-30.0	36
3	5.4	0.0	15.6	-31.0	34

1	2.0	0.0	-1.6	-29.5	43
2	5.5	0.0	-27.4	-32.0	32

1	2.4	0.0	-1.7	-29.0	40
2	4.3	0.0	-39.9	-33.0	34
3	5.2	0.0	15.3	-33.0	32

1	2.0	0.0	-2.1	-28.0	42
2	5.5	0.0	15.5	-31.0	33

1	1.6	0.0	-8.6	-27.5	38
2	5.4	0.0	-27.6	-31.0	34

1	0.9	0.0	-9.0	-28.0	22
2	5.4	0.0	-28.7	-30.0	35

1	0.9	0.0	-66.4	-27.5	23
2	5.4	0.0	-28.3	-30.0	34

1	1.3	0.0	-65.5	-27.0	39
2	5.5	0.0	-28.1	-31.0	33

1	1.3	0.0	-64.7	-27.0	39
2	5.4	0.0	-27.8	-31.5	31

1	1.2	0.0	-63.9	-28.0	37
2	5.4	0.0	-27.9	-29.5	34

1	2.4	0.0	-1.3	-30.0	40
2	5.4	0.0	-27.6	-29.0	33

1	1.6	0.0	-66.8	-29.0	36
2	5.4	0.0	-27.3	-31.5	32

1	1.6	0.0	-67.9	-28.5	36
2	5.3	0.0	-27.1	-30.5	33

1	2.3	0.0	-1.3	-29.5	42
2	5.3	0.0	-53.1	-30.0	33

1	2.2	0.0	-0.9	-29.5	41
2	5.4	0.0	-27.6	-29.5	33

1	2.5	0.0	-0.4	-29.5	39
2	5.4	0.0	-27.4	-30.0	34

1	2.4	0.0	-0.4	-29.0	42
2	5.3	0.0	-27.7	-30.5	32

1	2.4	0.0	-0.5	-29.0	40
2	5.3	0.0	-28.1	-31.0	34

1	2.5	0.0	-0.5	-29.0	42
2	2.5	0.0	-44.1	-31.0	40
3	5.4	0.0	-27.8	-30.0	35

1	1.4	0.0	-17.9	-29.0	38
2	1.4	0.0	6.6	-30.0	37
3	2.4	0.0	-27.4	-29.5	40
4	5.4	0.0	15.4	-29.0	36
5	5.4	0.0	-5.1	-31.0	34
6	13.9	0.0	48.7	-49.0	14
7	13.9	0.0	4.8	-51.0	12

1	0.9	0.0	6.9	-29.0	23
2	2.6	0.0	-0.3	-29.5	41
3	2.6	0.0	-27.7	-31.5	39
4	5.4	0.0	-27.7	-29.5	36
5	13.8	0.0	4.6	-50.5	13

1	1.2	-0.1	6.5	-30.5	33
2	2.6	0.0	-28.6	-29.5	40
3	5.3	0.0	-28.4	-29.0	35

1	1.5	-0.1	-34.7	-32.5	33
2	2.7	0.0	-28.9	-30.0	40
3	5.4	0.0	16.4	-29.0	34

1	0.9	-0.1	-55.6	-30.0	22
2	2.7	0.0	-28.7	-30.0	40
3	5.4	0.0	-26.7	-29.5	34

1	0.9	-0.1	-5.5	-30.0	21
2	2.6	0.0	-29.0	-30.5	38
3	5.4	0.0	-27.7	-30.0	34

1	0.6	-0.1	-45.4	-34.0	19
2	2.7	0.0	-29.4	-30.0	39
3	2.7	0.0	31.3	-31.0	38
4	5.4	0.0	17.0	-29.0	34

1	2.7	0.0	-29.2	-31.5	41
2	5.4	0.0	16.5	-28.0	35
3	9.1	0.0	43.0	-46.0	15
4	9.1	0.0	-29.3	-47.0	14

1	1.1	-0.1	-11.8	-32.5	32
2	2.7	0.0	-1.3	-30.5	41
3	5.4	0.0	-54.2	-27.5	38

1	0.9	-0.1	-17.4	-32.5	20
2	0.9	-0.1	-34.7	-34.5	18
3	2.7	0.0	-1.3	-30.0	40
4	5.4	0.0	16.3	-27.5	36

1	2.7	0.0	-1.6	-30.0	39
2	5.4	0.0	16.2	-27.5	35

1	0.8	-0.1	-17.7	-33.0	18
2	2.6	0.0	-1.5	-29.5	39
3	5.4	0.0	16.1	-28.0	36

1	2.7	0.0	-1.5	-29.5	39
2	5.4	0.0	16.1	-28.5	35

1	2.6	0.0	-38.8	-29.0	40
2	5.4	0.0	16.1	-28.0	36

1	0.9	-0.1	-55.4	-32.5	18
2	2.6	0.0	-39.1	-29.0	39
3	5.4	0.0	-27.2	-28.0	35

1	2.6	0.0	-1.8	-29.0	40
2	5.4	0.0	-54.6	-28.5	35

1	2.6	0.0	-1.6	-29.0	41
2	5.4	0.0	-54.9	-29.0	35
3	13.5	26.6	11.5	-50.0	13
4	13.5	26.6	19.8	-52.0	11
5	13.5	26.6	35.0	-54.0	9

1	2.5	0.0	-1.6	-29.0	40
2	5.5	0.0	-54.9	-28.5	35

1	2.6	0.0	-1.6	-28.5	39
2	5.5	0.0	-28.0	-28.0	37

1	5.4	0.0	-28.2	-27.0	38

1	2.6	0.0	-1.8	-28.5	40
2	5.4	0.0	-28.3	-29.0	35

1	2.5	0.0	-1.9	-28.5	39
2	5.4	0.0	-28.5	-29.5	35

1	2.5	0.0	-1.8	-28.5	39
2	5.4	0.0	-54.1	-29.5	35

1	2.6	0.0	-1.7	-28.0	40
2	5.5	0.0	-54.4	-29.5	35

1	2.4	0.0	-19.5	-27.5	40
2	5.5	0.0	-54.6	-29.5	33

1	2.5	0.0	-19.6	-27.5	38
2	5.5	0.0	-28.2	-30.0	34

1	2.4	0.0	-19.2	-27.0	40
2	5.4	0.0	-27.3	-30.5	32

1	2.4	0.0	-19.1	-27.0	39
2	5.4	0.0	-28.4	-30.5	33

1	2.5	0.0	61.7	-26.5	39
2	5.4	0.0	-28.5	-29.5	34

1	2.5	0.0	61.4	-26.5	40
2	5.4	0.0	-28.8	-29.5	34

1	2.4	0.0	61.5	-26.0	39
2	5.4	0.0	-28.3	-29.5	35

1	2.4	0.0	-2.0	-26.0	39
2	5.4	0.0	-27.6	-30.5	34

1	2.4	0.0	-2.0	-26.0	41
2	5.4	0.0	-28.2	-30.0	35

1	2.4	0.0	-1.6	-25.5	41
2	5.5	0.0	-29.0	-30.5	33

1	2.4	0.0	-1.5	-26.0	40
2	5.6	0.0	4.0	-32.0	32

1	2.3	0.0	-2.2	-26.0	42
2	5.5	0.0	4.2	-31.5	32

1	2.4	0.0	-2.1	-25.0	42
2	5.4	0.0	-28.1	-31.5	32

1	2.5	0.0	-2.2	-26.0	39
2	2.5	0.0	-7.1	-27.0	38
3	2.5	0.0	8.8	-29.0	36
4	5.4	0.0	4.7	-32.0	32

1	2.5	0.0	-2.0	-25.5	41
2	5.4	0.0	4.3	-32.0	33
3	5.4	0.0	-7.3	-34.0	31

1	2.4	0.0	-2.0	-27.0	40
2	5.4	0.0	-7.4	-32.0	33

1	2.3	0.0	-2.3	-27.0	41
2	5.5	0.0	-28.7	-32.0	31

1	2.4	0.0	-2.5	-26.0	40
2	5.4	0.0	-7.6	-30.5	33

1	2.5	0.0	-2.1	-25.5	39
2	5.4	0.0	-7.8	-31.0	34

1	2.4	0.0	-2.1	-24.5	40
2	5.5	0.0	-7.6	-30.5	32

1	2.4	0.0	-2.1	-24.0	41
2	5.5	-0.1	-28.9	-31.5	33

1	2.4	0.0	-2.1	-24.0	41
2	5.5	0.0	-29.1	-31.5	33

1	2.4	0.0	-2.0	-24.0	41
2	5.6	0.0	-29.0	-32.0	33

1	2.5	0.0	-1.9	-23.5	41
2	5.5	0.0	-8.1	-31.0	33

1	2.4	0.0	-1.8	-24.5	41
2	5.6	0.0	-7.8	-31.0	33

1	2.4	0.0	-2.2	-25.5	41
2	5.5	0.0	4.9	-31.5	34

1	2.3	0.0	-2.4	-25.5	41
2	5.5	0.0	4.6	-30.0	33

1	2.3	0.0	-2.4	-25.5	41
2	5.5	0.0	39.2	-30.0	34
3	5.5	0.0	5.2	-32.0	32
4	5.5	0.0	-65.0	-34.0	30

1	0.8	0.0	-72.2	-29.5	21
2	2.4	0.0	-2.4	-25.0	41
3	5.6	0.0	-65.2	-31.0	33

1	2.4	0.0	-2.3	-24.5	41
2	5.6	0.0	4.9	-31.5	31
3	5.6	0.0	38.0	-33.5	29

1	2.3	0.0	-2.2	-26.0	41
2	5.6	0.0	4.7	-30.5	33

1	2.4	0.0	-2.1	-25.5	41
2	5.5	0.0	-65.3	-31.0	32

1	2.4	0.0	-2.2	-25.0	41
2	5.5	0.0	-28.9	-31.0	32

1	2.4	0.0	-2.3	-25.5	40
2	5.5	0.0	-65.4	-31.5	32
3	5.5	0.0	-40.0	-32.5	31

1	2.3	0.0	-2.2	-26.0	41
2	5.5	0.0	-7.4	-31.5	35

1	2.4	0.0	64.4	-26.0	39
2	5.5	0.0	-7.5	-30.5	34
3	5.5	0.0	4.8	-32.5	32

1	2.4	0.0	-2.0	-25.5	41
2	2.4	0.0	26.5	-25.5	41
3	5.5	0.0	-40.5	-30.5	33

1	0.9	-0.1	-8.7	-29.5	22
2	2.5	0.0	-2.3	-25.0	43
3	5.4	0.0	39.0	-31.0	33

1	2.5	0.0	-2.4	-25.5	41
2	5.4	0.0	39.0	-30.0	33

1	2.4	0.0	-2.5	-25.5	41
2	2.4	0.0	-7.2	-27.5	39
3	5.4	0.0	39.1	-30.5	33

1	0.9	-0.1	-13.5	-31.0	20
2	2.4	0.0	-2.4	-25.5	42
3	5.5	0.0	39.0	-30.5	33

1	2.4	0.0	-17.2	-26.5	39
2	5.4	0.0	-65.4	-31.0	33

1	0.9	-0.1	-13.5	-30.5	22
2	2.5	0.0	-2.9	-26.0	40
3	5.4	0.0	-65.3	-31.5	32
4	5.4	0.0	38.9	-33.5	30

1	2.5	0.0	-2.7	-26.5	41
2	2.5	0.0	72.0	-27.5	40
3	5.5	0.0	38.6	-31.5	31

1	2.3	0.0	-2.7	-27.5	40
2	5.5	0.0	38.6	-30.5	33

1	2.4	0.0	-3.0	-27.5	40
2	5.6	0.0	-65.1	-31.5	34

1	2.4	0.0	26.3	-27.5	40
2	2.4	0.0	-47.3	-28.5	39
3	5.6	0.0	-7.8	-32.0	33
4	5.6	0.0	29.7	-34.0	31

1	2.4	0.0	71.9	-26.5	40
2	2.4	0.0	-3.1	-26.5	40
3	5.5	0.0	-65.8	-30.0	35

1	2.4	0.0	-3.2	-27.5	40
2	5.3	0.0	67.6	-31.5	32
3	5.3	0.0	4.3	-33.5	30
4	5.3	0.0	-24.2	-35.5	28

1	2.6	0.0	-17.6	-26.5	40
2	2.6	0.0	-3.0	-27.5	39
3	2.6	0.0	-32.7	-27.5	39
4	5.4	0.0	-65.5	-30.5	32

1	2.4	0.0	72.5	-27.0	39
2	5.4	0.0	5.0	-31.0	33
3	5.4	0.0	38.5	-33.0	31

1	2.5	0.0	-7.7	-26.5	40
2	5.4	0.0	38.6	-30.5	34

1	2.5	0.0	-17.5	-26.0	40
2	2.5	0.0	-3.2	-28.0	38
3	5.6	0.0	38.6	-31.5	31

1	2.4	0.0	63.6	-26.5	39
2	5.6	0.0	-27.2	-31.5	32

1	2.4	0.0	61.4	-27.0	40
2	2.4	0.0	-7.6	-29.0	38
3	5.5	0.0	-1.1	-31.0	32
4	5.5	0.0	-40.3	-33.0	30

1	0.9	-0.1	-9.4	-30.5	20
2	2.3	0.0	-2.8	-27.5	40
3	5.6	0.0	-66.6	-30.5	33

1	2.3	0.0	-2.5	-28.0	40
2	5.4	0.0	-66.3	-30.0	34

1	2.3	0.0	-2.4	-27.5	41
2	5.5	0.0	-66.2	-31.0	32

1	0.8	0.0	-9.1	-31.5	20
2	2.4	0.0	-2.2	-27.0	40
3	5.4	0.0	66.2	-30.5	34

1	2.4	0.0	62.2	-26.5	40
2	5.4	0.0	-65.9	-30.5	33
3	5.4	0.0	38.6	-32.5	31

1	2.4	0.0	62.3	-26.0	40
2	5.4	0.0	-19.4	-31.0	32

1	2.4	0.0	-2.1	-26.0	40
2	5.4	0.0	-65.5	-30.5	36

1	2.3	0.0	-2.5	-26.5	41
2	5.5	0.0	39.0	-31.5	34

1	2.3	0.0	-2.4	-27.0	40
2	5.6	0.0	39.0	-32.0	32

1	0.9	0.0	-8.8	-29.0	22
2	0.9	0.0	-13.5	-31.0	20
3	2.4	0.0	-2.4	-27.5	39
4	5.5	0.0	-27.2	-32.5	33

1	2.4	0.0	-2.5	-28.0	39
2	2.4	0.0	42.6	-30.0	37
3	5.5	0.0	-26.9	-30.5	33

1	2.2	0.0	-2.3	-28.5	39
2	5.6	0.0	-27.8	-31.0	33

1	2.2	0.0	-2.3	-28.5	39
2	2.2	0.0	43.3	-30.5	37
3	5.5	0.0	39.0	-31.5	30

1	0.8	0.0	-9.9	-29.5	22
2	2.4	0.0	-19.5	-28.5	40
3	5.6	0.0	-28.5	-30.5	34

1	0.8	-0.1	-10.9	-30.0	22
2	2.5	0.0	-19.5	-27.5	39
3	5.6	0.0	-27.0	-30.5	34

1	0.8	0.0	-70.6	-30.5	20
2	2.4	0.0	-1.7	-28.0	39
3	2.4	0.0	-8.2	-30.0	37
4	5.5	0.0	38.5	-30.5	32

1	0.9	0.0	-12.0	-27.5	23
2	2.5	0.0	-19.7	-27.5	39
3	2.5	0.0	32.0	-29.5	37
4	5.4	0.0	-27.4	-30.0	35

1	0.8	0.0	-73.2	-29.0	23
2	2.6	0.0	-1.5	-27.5	40
3	5.5	0.0	-26.9	-30.5	34

1	0.9	0.0	-10.8	-24.0	27
2	2.5	0.0	-1.5	-27.0	41
3	5.5	0.0	-26.7	-30.0	35

1	2.5	0.0	-1.3	-26.0	41
2	5.5	0.0	-27.1	-29.0	35

1	0.8	0.0	-11.9	-26.5	26
2	2.5	0.0	-2.1	-26.5	41
3	5.5	0.0	-7.3	-30.0	36

1	1.2	-26.7	-63.3	-28.5	23
2	2.5	0.0	-1.5	-27.5	42
3	5.5	0.0	-27.5	-29.5	35

1	0.9	-0.1	-69.1	-31.5	19
2	2.4	0.0	-1.9	-29.0	40
3	2.4	0.0	-17.7	-30.0	39
4	5.5	0.0	-27.3	-30.5	34
5	5.5	0.0	28.8	-32.5	32

1	1.4	0.0	-12.0	-29.5	36
2	5.4	0.0	-27.0	-30.5	32

1	1.8	0.0	-2.1	-29.0	41
2	5.4	0.0	-27.0	-29.5	33

1	2.2	0.0	-2.8	-30.0	41
2	2.2	0.0	-18.0	-31.0	40
3	5.5	0.0	-27.1	-30.0	33

1	2.1	0.0	16.3	-29.5	41
2	2.1	0.0	36.5	-31.5	39
3	2.1	0.0	-22.7	-33.5	37
4	5.3	-0.1	-27.4	-29.0	35

1	2.3	0.0	-2.7	-29.0	40
2	5.4	0.0	-27.5	-30.5	34

1	0.9	-0.1	-15.0	-30.5	21
2	2.3	0.0	-2.5	-28.0	42
3	5.3	-0.1	-27.4	-29.5	35

1	2.4	0.0	-3.0	-29.0	40
2	5.5	0.0	-27.1	-31.0	32

1	2.4	0.0	74.5	-30.0	39
2	2.4	0.0	-2.5	-30.0	39
3	5.3	0.0	-27.0	-29.0	34

1	0.9	-0.1	-14.8	-30.0	21
2	2.6	0.0	-2.4	-30.0	40
3	2.6	0.0	74.5	-30.0	40
4	2.6	0.0	-32.7	-32.0	38
5	5.5	0.0	-27.1	-29.5	33

1	2.5	0.0	-2.7	-29.0	39
2	5.4	0.0	-54.3	-28.5	36

1	2.5	0.0	-33.3	-29.0	39
2	2.5	0.0	69.1	-29.0	39
3	5.4	0.0	-27.2	-29.0	35

1	2.4	0.0	-40.1	-30.0	37
2	2.4	0.0	45.4	-32.0	35
3	5.4	0.0	-27.2	-29.5	35
4	5.4	0.0	-2.5	-31.5	33

1	2.5	0.0	-2.8	-30.5	38
2	5.4	0.0	-1.6	-29.0	35

1	1.0	-0.1	-11.4	-29.0	35
2	2.4	0.0	-2.8	-30.5	39
3	5.4	-0.1	-53.1	-28.5	36
4	5.4	-0.1	14.8	-30.5	34

1	1.3	-0.1	-11.8	-31.0	35
2	2.5	0.0	46.1	-31.0	39
3	2.5	0.0	-2.7	-33.0	37
4	5.4	0.0	15.4	-30.0	36

1	0.8	-0.1	-57.0	-28.5	24
2	0.8	-0.1	-22.7	-28.5	24
3	2.5	0.0	-2.6	-31.0	38
4	5.4	0.0	-54.3	-30.5	35

1	0.9	-0.1	-23.3	-28.5	23
2	2.6	0.0	-11.5	-31.0	39
3	2.6	0.0	26.6	-33.0	37
4	2.6	0.0	48.2	-34.0	36
5	5.4	0.0	15.1	-31.0	35

1	0.9	-0.1	-11.9	-27.5	24
2	2.5	0.0	27.5	-31.5	38
3	2.5	0.0	35.2	-32.5	37
4	5.4	0.0	15.9	-32.0	33

1	1.2	-0.1	-2.4	-30.0	36
2	2.6	0.0	34.6	-31.0	39
3	2.6	0.0	27.0	-33.0	37
4	5.3	0.0	-55.2	-31.5	34

1	0.7	-0.1	-58.9	-32.0	19
2	0.7	-0.1	8.3	-32.0	19
3	2.7	0.0	27.4	-30.0	40
4	5.3	0.0	-2.8	-31.5	33

1	1.1	-0.1	-15.6	-29.0	36
2	2.5	0.0	26.7	-31.5	37
3	5.4	0.0	-1.8	-32.0	33
4	14.0	0.0	56.4	-49.5	13

1	1.1	-0.1	-21.8	-28.5	37
2	1.1	-0.1	-56.4	-28.5	37
3	2.6	0.0	27.5	-31.0	37
4	5.4	0.0	-0.6	-31.0	34

1	1.2	-0.1	-13.8	-29.5	36
2	2.5	0.0	27.2	-30.5	39
3	5.4	0.0	-1.8	-30.5	34

1	2.6	0.0	27.5	-29.5	38
2	5.5	0.0	-52.6	-31.0	34

1	0.8	-0.1	-13.8	-30.0	23
2	2.6	0.0	26.9	-29.0	39
3	5.4	0.0	15.8	-30.0	34

1	0.8	-0.1	-16.4	-31.0	20
2	2.6	0.0	-39.1	-28.5	38
3	5.3	0.0	-1.6	-29.5	34
4	5.3	0.0	-27.2	-31.5	32

1	0.9	-0.1	-16.2	-31.5	20
2	2.5	0.0	-39.5	-28.5	39
3	5.4	0.0	-1.5	-30.0	34

1	0.9	-0.1	-16.1	-30.5	21
2	2.6	0.0	-2.8	-29.0	38
3	5.4	0.0	-1.3	-29.5	36

1	0.8	-0.1	-12.9	-29.0	22
2	2.6	0.0	-2.7	-29.5	38
3	5.4	0.0	-1.5	-29.5	34

1	2.4	0.0	-2.5	-29.5	38
2	5.4	0.0	-1.0	-29.5	36

1	0.9	-0.1	44.7	-31.0	21
2	2.4	0.0	6.9	-29.5	38
3	5.4	0.0	-1.3	-29.0	35

1	2.5	0.0	-2.6	-29.0	39
2	5.4	0.0	-1.1	-29.0	36

1	2.4	0.0	-2.7	-27.5	39
2	5.4	0.0	-1.1	-27.5	36

1	2.4	0.0	-2.7	-27.0	39
2	5.4	0.0	-1.6	-27.5	37
3	5.4	0.0	-6.9	-29.5	35

1	0.9	0.0	9.9	-33.5	18
2	2.4	0.0	-2.2	-26.5	38
3	5.5	0.0	-1.4	-28.0	38

1	2.3	0.0	-2.4	-25.5	39
2	5.4	0.0	-2.0	-28.0	37

1	2.3	0.0	-2.4	-25.0	39
2	5.5	0.0	-8.0	-28.5	35
3	5.5	0.0	-13.3	-29.5	34

1	2.3	0.0	-2.4	-24.0	39
2	5.5	0.0	-2.2	-30.0	36

1	2.3	0.0	-2.5	-23.5	39
2	5.4	0.0	-8.1	-29.5	34
3	5.4	0.0	-13.1	-29.5	34

1	2.3	0.0	-2.5	-23.0	40
2	5.5	0.0	38.1	-30.5	34

1	2.4	0.0	-2.5	-22.5	39
2	5.3	0.0	-66.7	-30.5	35

1	2.3	0.0	-2.6	-22.0	39
2	5.5	0.0	-8.0	-30.5	34

1	2.3	0.0	-2.5	-21.5	40
2	5.4	0.0	-40.3	-31.0	33

1	2.4	0.0	-2.5	-21.0	40
2	5.7	0.0	-40.1	-31.0	34

1	2.3	0.0	-2.5	-21.0	41
2	5.6	0.0	-39.7	-31.0	34

1	2.4	0.0	-2.4	-21.0	40
2	5.7	0.0	-7.7	-31.5	33

1	2.4	0.0	-2.3	-21.0	40
2	5.6	0.0	-18.4	-31.5	32

1	2.4	0.0	-2.3	-21.5	40
2	5.5	0.0	-40.9	-31.0	33

1	2.3	0.0	-2.2	-21.5	41
2	5.5	0.0	-8.4	-30.5	34

1	2.4	0.0	-2.3	-21.5	41
2	5.5	0.0	-7.9	-30.5	32

1	2.4	0.0	-2.3	-21.5	41
2	5.5	0.0	-41.6	-31.0	34
3	5.5	0.0	-66.0	-33.0	32

1	2.4	0.0	-2.3	-21.5	41
2	5.6	0.0	-7.8	-32.0	33

1	2.4	0.0	-2.3	-21.5	41
2	5.6	0.0	-30.1	-31.5	33

1	2.4	0.0	-2.2	-21.5	41
2	5.5	0.0	4.6	-31.5	33
3	5.5	0.0	10.3	-33.5	31

1	2.3	0.0	-2.2	-21.5	41
2	5.6	0.0	38.9	-31.0	34

1	2.4	0.0	-2.2	-21.5	41
2	5.6	0.0	39.2	-31.0	34

1	2.4	0.0	-2.3	-21.5	41
2	5.5	0.0	-7.9	-31.0	34
3	5.5	0.0	-39.9	-33.0	32
4	5.5	0.0	34.1	-35.0	30

1	2.4	0.0	-2.2	-21.5	41
2	5.6	0.0	-40.0	-30.5	33
3	5.6	0.0	-7.7	-31.5	32

1	2.4	0.0	-2.3	-21.5	41
2	5.7	0.0	-41.1	-31.0	33

1	2.4	0.0	-2.3	-21.5	41
2	5.7	0.0	4.2	-31.5	33

1	2.4	0.0	-2.2	-21.5	41
2	5.6	0.0	-7.8	-31.5	31
3	5.6	0.0	-57.9	-33.5	29

1	2.4	0.0	-2.2	-21.5	41
2	5.6	0.0	-8.1	-30.5	33

1	2.4	0.0	-2.2	-21.5	42
2	5.7	0.0	-7.7	-31.0	32

1	2.4	0.0	-2.1	-22.0	41
2	5.6	0.0	-8.0	-32.0	34

1	2.4	0.0	-2.2	-22.0	42
2	5.7	0.0	-8.0	-32.0	34

1	2.4	0.0	-2.2	-22.0	41
2	5.6	0.0	-8.1	-31.5	34

1	2.4	0.0	-2.3	-21.5	41
2	5.7	0.0	-8.1	-31.5	33

1	2.4	0.0	-2.3	-21.5	41
2	5.7	0.0	-8.5	-32.0	31

1	2.4	0.0	-2.3	-21.5	41
2	5.8	0.0	-29.5	-33.0	33

1	2.4	0.0	-2.3	-21.5	40
2	5.7	0.0	-29.9	-33.0	31
3	5.7	0.0	-17.7	-35.0	29

1	2.4	0.0	-2.3	-21.0	41
2	5.8	0.0	-29.1	-32.5	32

1	2.4	0.0	-2.3	-21.0	40
2	5.5	0.0	-29.3	-32.0	32

1	2.4	0.0	-2.4	-22.5	39
2	5.7	0.0	38.7	-32.5	33

1	2.4	0.0	-2.3	-23.0	39
2	5.7	0.0	-28.4	-31.5	32

1	2.4	0.0	-2.3	-23.5	39
2	5.5	0.0	-8.3	-30.5	34

1	2.4	0.0	-2.2	-24.0	39
2	5.6	0.0	-8.2	-31.5	34

1	2.4	0.0	-2.3	-24.5	38
2	5.5	0.0	-27.2	-31.5	33

1	2.3	0.0	-2.1	-24.5	39
2	5.5	0.0	-27.2	-31.0	32

1	0.9	0.0	-19.1	-27.5	25
2	2.4	0.0	-2.1	-24.5	38
3	5.5	0.0	-7.4	-30.0	34

1	2.4	0.0	-1.8	-26.0	39
2	5.4	0.0	-7.4	-28.5	35

1	0.8	0.0	-32.6	-30.0	21
2	2.4	0.0	-1.9	-28.0	38
3	5.5	0.0	-7.6	-28.0	36

1	1.3	0.0	-21.6	-26.5	38
2	5.5	0.0	-27.0	-28.5	36

1	2.4	0.0	14.7	-29.5	38
2	5.4	0.0	-1.5	-28.0	36

1	0.8	0.0	-10.3	-26.0	25
2	2.4	0.0	-18.9	-29.0	40
3	5.5	0.0	-1.6	-28.0	38

1	2.5	0.0	-19.0	-28.5	40
2	5.5	0.0	-1.6	-28.0	36

1	1.1	0.0	-11.8	-29.5	36
2	2.5	0.0	-18.9	-29.0	40
3	5.4	0.0	-1.6	-28.5	35

1	2.5	0.0	-18.7	-28.5	40
2	5.4	0.0	-1.5	-28.5	35

1	2.5	0.0	-18.4	-28.5	41
2	5.4	0.0	-1.5	-29.5	36

1	0.9	0.0	-15.3	-27.0	24
2	2.5	0.0	-18.7	-29.0	39
3	2.5	0.0	31.8	-31.0	37
4	5.4	0.0	-1.6	-29.0	36
5	13.7	0.0	24.0	-48.5	14

1	0.9	0.0	-67.7	-23.5	28
2	0.9	0.0	-14.9	-24.5	27
3	2.6	0.0	49.8	-28.5	39
4	2.6	0.0	-8.9	-30.5	37
5	5.4	0.0	-2.0	-28.0	37

1	0.9	0.0	-11.4	-23.5	30
2	2.6	0.0	25.7	-30.0	39
3	5.4	0.0	-1.8	-28.5	36

1	1.1	0.0	-10.8	-27.0	39
2	2.5	0.0	-18.6	-30.0	39
3	5.4	0.0	-1.1	-29.0	36

1	1.0	0.0	-16.1	-28.5	37
2	1.0	0.0	-11.1	-28.5	37
3	2.6	0.0	25.2	-30.5	40
4	5.4	0.0	-1.4	-28.5	35

1	1.2	0.0	-14.1	-30.0	36
2	1.2	0.0	64.9	-32.0	34
3	2.4	0.0	-1.5	-29.5	41
4	5.5	0.0	-27.2	-28.5	36

1	0.9	0.0	-13.6	-27.0	25
2	2.6	0.0	-1.9	-27.5	42
3	5.4	0.0	-27.3	-27.5	37

1	0.9	0.0	-13.4	-22.5	28
2	2.4	0.0	-1.9	-27.0	42
3	5.4	0.0	15.8	-28.5	36

1	0.9	0.0	-11.6	-24.0	29
2	2.6	0.0	-2.1	-27.0	40
3	5.4	0.0	-27.4	-28.0	37

1	1.2	0.0	-13.2	-25.5	38
2	1.2	0.0	-18.1	-27.5	36
3	2.4	0.0	-1.9	-26.5	43
4	5.4	0.0	-53.5	-28.0	35

1	0.5	23.8	-69.2	-25.0	26
2	2.6	0.0	-2.0	-28.0	41
3	5.4	0.0	-27.7	-28.0	34

1	1.2	0.0	-8.5	-29.0	37
2	2.5	0.0	-1.9	-29.5	41
3	5.4	0.0	16.1	-28.0	36

1	1.2	0.0	-8.4	-29.5	35
2	2.6	0.0	-23.1	-30.0	41
3	2.6	0.0	-9.3	-32.0	39
4	5.4	0.0	-28.3	-29.0	35

1	1.2	0.0	-49.2	-30.5	35
2	1.2	0.0	-59.9	-30.5	35
3	2.5	0.0	-1.5	-31.0	39
4	5.4	0.0	16.1	-28.5	35

1	1.2	0.0	-9.0	-27.0	38
2	5.4	0.0	16.0	-29.0	36

1	1.1	0.0	-9.1	-25.5	39
2	5.3	0.0	15.6	-30.5	35
3	14.2	-26.7	19.1	-49.5	13
4	14.2	-26.7	26.4	-49.5	13

1	1.2	0.0	-8.7	-27.5	36
2	2.5	0.0	-30.3	-31.0	36
3	2.5	0.0	30.7	-32.0	35
4	5.4	0.0	15.7	-29.5	34

1	0.9	0.0	-8.9	-29.5	23
2	2.7	0.0	31.7	-30.5	39
3	5.4	0.0	-2.4	-29.5	35
4	5.4	0.0	-27.2	-30.5	34

1	1.1	0.0	-7.9	-28.5	37
2	2.7	0.0	31.5	-31.0	39
3	2.7	0.0	-29.3	-33.0	37
4	5.4	0.0	16.3	-29.0	35

1	0.9	0.0	-8.5	-28.5	23
2	2.7	0.0	-0.9	-30.5	39
3	2.7	0.0	-30.6	-31.5	38
4	5.4	0.0	-28.0	-29.0	37

1	0.9	0.0	-8.7	-27.5	25
2	2.8	0.0	-33.4	-31.5	38
3	5.4	0.0	16.6	-29.0	35

1	0.9	0.0	-8.7	-27.0	24
2	2.7	0.0	-31.4	-31.5	42
3	2.7	0.0	0.1	-33.5	40
4	5.4	0.0	-2.1	-29.0	35

1	0.9	0.0	-8.6	-27.5	23
2	2.9	0.0	31.3	-32.0	40
3	5.4	0.0	-28.1	-30.5	34

1	0.9	0.0	-8.6	-28.0	24
2	2.7	0.0	-0.1	-33.0	38
3	5.4	0.0	-54.9	-30.0	35

1	1.1	0.0	-65.5	-28.0	35
2	2.7	0.0	-29.1	-31.0	39
3	5.4	0.0	-28.4	-29.0	35

1	0.9	0.0	-64.8	-27.0	24
2	2.6	0.0	0.2	-32.0	38
3	2.6	0.0	25.9	-33.0	37
4	5.4	0.0	16.6	-30.0	35

1	1.0	0.0	-65.2	-27.5	36
2	2.6	0.0	-28.0	-31.0	40
3	5.4	0.0	-28.3	-31.0	34

1	0.9	0.0	-65.4	-27.5	24
2	5.4	0.0	-29.0	-30.0	33

1	0.9	0.0	-9.3	-26.0	25
2	2.4	0.0	-54.7	-32.0	38
3	2.4	0.0	-46.6	-34.0	36
4	5.4	0.0	15.9	-30.5	34

1	0.9	0.0	-8.6	-25.0	27
2	2.4	0.0	-64.1	-32.0	38
3	2.4	0.0	-54.9	-34.0	36
4	5.4	0.0	-54.9	-30.0	36

1	0.9	0.0	-8.7	-25.0	26
2	5.4	0.0	-3.0	-30.0	33
3	5.4	0.0	-33.3	-32.0	31

1	0.9	0.0	-64.8	-26.0	24
2	5.5	0.0	16.0	-30.0	32

1	0.9	0.0	-13.4	-25.0	27
2	0.9	0.0	-8.4	-26.0	26
3	5.5	0.0	-28.9	-30.0	34

1	1.0	-0.1	-63.9	-24.5	37
2	2.5	0.0	25.6	-31.5	39
3	5.4	0.0	-28.4	-29.5	34

1	1.0	-0.1	-8.4	-25.0	38
2	5.4	0.0	-28.2	-28.5	35

1	1.1	-0.1	-8.4	-24.0	38
2	5.4	0.0	-28.9	-28.5	36

1	1.1	-0.1	-8.4	-23.0	38
2	5.4	0.0	-28.9	-29.0	36

1	1.0	-0.1	50.4	-23.5	38
2	5.6	0.0	15.8	-30.5	34

1	0.9	-0.1	50.2	-26.0	26
2	2.4	0.0	25.4	-32.5	37
3	2.4	0.0	-57.3	-34.5	35
4	5.5	0.0	16.0	-30.5	36

1	1.0	-0.1	-63.6	-22.5	41
2	1.0	-0.1	-13.5	-24.5	39
3	5.4	0.0	-28.7	-28.5	37
4	14.2	-26.7	7.9	-48.5	13

1	1.0	0.0	-8.2	-24.5	40
2	1.0	0.0	-13.0	-26.5	38
3	5.4	0.0	15.9	-29.5	34

1	1.1	0.0	-8.5	-25.5	40
2	5.4	0.0	-28.2	-30.5	34

1	1.1	0.0	-27.7	-29.0	37
2	5.4	0.0	-28.2	-29.0	35

1	0.9	0.0	-64.7	-28.5	22
2	5.4	0.0	15.6	-30.0	35

1	1.0	0.0	-20.4	-27.0	39
2	1.0	0.0	7.6	-29.0	37
3	5.4	0.0	-55.7	-30.5	33
4	5.4	0.0	38.9	-31.5	32

1	1.0	-0.1	6.5	-29.0	38
2	2.5	0.0	-27.8	-34.5	35
3	5.4	0.0	-28.4	-31.0	34

1	1.2	-0.1	47.7	-30.5	35
2	1.2	-0.1	3.4	-32.5	33
3	2.6	-0.1	1.6	-34.5	35
4	2.6	-0.1	-34.2	-36.5	33
5	5.3	0.0	-8.1	-33.0	33

1	1.1	-0.1	-40.5	-30.5	34
2	2.6	0.0	11.7	-34.5	35
3	2.6	0.0	-18.4	-36.5	33
4	5.7	0.0	37.1	-31.5	33

1	0.9	-0.1	-14.1	-29.0	22
2	0.9	-0.1	-9.0	-30.0	21
3	2.5	0.0	-28.9	-34.5	36
4	5.6	0.0	-28.8	-32.5	34

1	1.2	-0.1	-8.5	-29.5	35
2	2.6	-0.1	9.1	-33.0	38
3	2.6	-0.1	50.4	-33.0	38
4	5.6	0.0	12.0	-32.5	33
5	5.6	0.0	-29.0	-34.5	31

1	0.9	-0.1	-19.3	-30.0	22
2	2.7	-0.1	-28.9	-32.5	38
3	2.7	-0.1	-24.0	-32.5	38
4	5.4	0.0	-28.1	-32.0	34

1	1.1	-0.1	-48.6	-31.5	34
2	1.1	-0.1	-8.9	-33.5	32
3	2.7	0.0	-30.3	-33.0	38
4	5.8	0.0	-29.7	-33.5	30

1	1.1	-0.1	-0.9	-31.0	32
2	1.1	-0.1	-14.9	-32.0	31
3	1.1	-0.1	-58.0	-33.0	30
4	2.4	0.0	-38.6	-32.0	37
5	2.4	0.0	-30.3	-33.0	36
6	5.6	0.0	-28.5	-34.5	31

1	0.9	-0.1	-19.3	-28.5	24
2	5.5	0.0	-29.3	-32.0	32

1	0.8	-0.1	63.4	-31.5	20
2	2.6	0.0	-39.9	-31.0	38
3	2.6	0.0	-31.6	-33.0	36
4	5.5	0.0	-28.9	-33.5	31

1	1.3	-0.1	-13.1	-29.5	37
2	1.3	-0.1	64.6	-31.5	35
3	2.4	0.0	-39.0	-31.0	39
4	5.4	0.0	-29.1	-33.0	32

1	0.9	-0.1	-19.1	-27.0	26
2	5.4	0.0	-28.7	-33.0	30

1	1.0	-0.1	-18.6	-25.5	40
2	2.4	0.0	-38.8	-29.5	39
3	5.5	0.0	-29.6	-32.0	34
4	5.5	0.0	-2.1	-34.0	32

1	1.1	0.0	-17.9	-26.0	38
2	2.5	0.0	-38.7	-30.0	39
3	5.5	0.0	12.1	-32.0	33
4	5.5	0.0	-3.1	-33.0	32

1	1.1	0.0	-9.0	-27.0	39
2	2.5	0.0	-2.5	-29.5	39
3	5.5	0.0	11.0	-32.5	33

1	0.9	0.0	-8.6	-28.5	23
2	2.6	0.0	-2.2	-30.0	39
3	5.5	0.0	-5.3	-32.0	33
4	5.5	0.0	-33.9	-34.0	31
5	9.8	0.0	-43.0	-49.5	14
6	13.7	0.0	24.4	-49.0	13

1	1.1	0.0	-13.0	-27.0	38
2	2.4	0.0	-2.3	-29.5	39
3	5.5	0.0	11.6	-31.5	33

1	1.1	0.0	-12.5	-27.5	40
2	2.6	0.0	-40.4	-29.5	40
3	5.6	0.0	11.2	-32.0	31

1	0.9	0.0	-13.4	-28.5	23
2	2.6	0.0	-2.2	-31.0	38
3	5.5	0.0	-66.6	-32.5	32
4	5.5	0.0	12.9	-34.5	30

1	0.9	0.0	-18.7	-29.5	22
2	2.6	-0.1	-2.2	-31.0	39
3	5.5	0.0	11.7	-31.0	34

1	1.1	0.0	-13.0	-29.0	38
2	5.3	0.0	11.2	-32.5	31

1	0.9	0.0	-8.5	-29.5	22
2	2.6	0.0	-8.4	-33.0	37
3	5.4	0.0	-30.5	-32.0	31
4	5.4	0.0	-7.6	-34.0	29

1	1.1	0.0	-8.9	-27.5	35
2	5.5	0.0	-28.9	-35.0	29

1	1.0	0.0	26.8	-28.0	35
2	4.9	0.0	11.6	-32.5	33
3	4.9	0.0	-27.9	-33.5	32

1	0.9	0.0	-47.1	-31.0	20
2	2.7	0.0	-49.5	-34.0	36
3	2.7	0.0	-40.6	-36.0	34
4	5.2	0.0	10.6	-34.5	30
5	5.2	0.0	24.4	-36.5	28

1	0.9	0.0	-12.4	-28.0	23
2	2.5	0.0	-35.2	-34.5	37
3	5.0	0.0	16.6	-33.5	32
4	5.0	0.0	11.7	-35.5	30

1	1.1	0.0	-63.8	-30.0	36
2	1.1	0.0	-53.4	-31.0	35
3	2.8	0.0	25.6	-33.5	39
4	2.8	0.0	-62.9	-34.5	38
5	2.8	0.0	-48.4	-36.5	36
6	5.5	0.0	11.7	-33.0	30

1	0.8	0.0	-10.2	-28.5	23
2	2.9	0.0	-38.0	-34.5	37
3	3.9	0.0	6.6	-35.0	32
4	5.4	0.0	11.1	-33.0	33

1	0.9	0.0	-11.6	-27.5	23
2	2.6	0.0	26.5	-34.5	38
3	2.6	0.0	-60.2	-34.5	38
4	4.3	0.0	-33.6	-34.5	31
5	4.3	0.0	6.1	-34.5	31
6	5.5	0.0	11.1	-34.0	32

1	0.9	0.0	-12.0	-28.0	25
2	2.8	0.0	-33.9	-33.5	37
3	2.8	0.0	26.3	-34.5	36
4	4.2	0.0	-63.6	-34.5	35
5	4.2	0.0	26.0	-35.5	34
6	5.4	0.0	11.3	-33.5	30
7	5.4	0.0	-17.4	-35.5	28

1	1.2	0.0	-11.9	-28.5	38
2	4.3	0.0	-62.2	-32.0	36
3	4.3	0.0	-19.2	-34.0	34
4	5.2	0.0	-18.0	-31.5	32

1	1.1	0.0	-13.3	-30.0	34
2	2.8	0.0	-34.3	-34.5	37
3	2.8	0.0	-40.9	-35.5	36
4	5.3	0.0	-58.9	-32.0	33
5	5.3	0.0	52.4	-34.0	31

1	0.9	-0.1	-52.2	-30.5	21
2	2.8	0.0	-28.7	-33.0	37
3	2.8	0.0	-34.0	-34.0	36
4	5.5	0.0	-29.2	-33.0	33

1	0.9	-0.1	-13.8	-28.5	22
2	0.9	-0.1	-8.7	-29.5	21
3	2.7	0.0	-7.0	-35.5	36
4	2.7	0.0	-23.1	-37.5	34
5	2.7	0.0	26.3	-39.5	32
6	4.9	0.0	-32.8	-35.0	30

1	0.8	-0.1	-19.1	-27.0	24
2	3.0	0.0	-39.1	-33.5	38
3	5.4	0.0	11.6	-34.0	30

1	1.1	-0.1	-13.1	-27.5	40
2	5.5	0.0	-64.3	-32.5	32

1	0.9	-0.1	-9.0	-25.5	25
2	5.3	0.0	18.9	-35.0	30

1	1.0	-0.1	-64.5	-26.0	39
2	1.0	-0.1	-14.1	-28.0	37
3	4.7	0.0	5.9	-34.5	32
4	4.7	0.0	-50.5	-36.5	30
5	7.9	0.0	60.1	-43.0	20
6	7.9	0.0	-41.5	-44.0	19

1	0.9	-0.1	-66.3	-26.0	26
2	4.6	0.0	26.5	-34.0	32
3	4.6	0.0	46.0	-36.0	30

1	0.9	-0.1	-19.3	-29.0	22
2	2.7	0.0	-7.4	-33.0	38
3	5.4	0.0	11.2	-32.0	34

1	0.8	-0.1	-20.6	-31.5	20
2	0.8	-0.1	6.4	-32.5	19
3	2.8	0.0	-39.1	-31.5	38
4	5.5	0.0	10.9	-35.0	30

1	0.9	0.0	7.4	-29.5	23
2	2.7	0.0	50.2	-31.5	40
3	2.7	0.0	26.4	-32.5	39
4	5.4	0.0	11.5	-34.5	32
5	5.4	0.0	-28.8	-36.5	30

1	1.0	0.0	64.3	-29.0	37
2	2.6	0.0	-38.9	-30.0	41
3	5.4	0.0	-29.5	-32.0	32
4	5.4	0.0	11.7	-34.0	30

1	0.8	0.0	-40.8	-30.0	21
2	0.8	0.0	-23.0	-30.0	21
3	2.7	0.0	-38.6	-31.5	40
4	5.3	0.0	-27.5	-33.0	32

1	1.1	0.0	-19.6	-27.5	39
2	2.6	0.0	-38.7	-30.5	41
3	5.5	0.0	-28.4	-33.5	33

1	0.9	0.0	-20.0	-27.5	23
2	0.9	0.0	-13.9	-29.5	21
3	2.5	0.0	-2.2	-30.5	40
4	2.5	0.0	26.0	-32.5	38
5	5.6	0.0	-28.2	-32.0	34

1	0.8	0.0	-9.9	-29.5	21
2	2.7	0.0	-2.7	-28.0	41
3	5.4	-0.1	12.5	-33.0	32
4	5.4	-0.1	-2.8	-34.0	31

1	1.0	0.0	-19.7	-26.0	39
2	2.4	0.0	-2.1	-29.5	41
3	5.4	0.0	11.2	-30.5	32
4	5.4	0.0	-28.8	-32.5	30

1	0.9	0.0	-9.1	-25.0	26
2	2.6	0.0	-2.5	-28.0	40
3	5.2	0.0	11.1	-32.0	32
4	5.2	0.0	16.0	-34.0	30

1	2.5	0.0	-2.4	-29.0	40
2	5.7	0.0	-28.5	-34.0	31

1	1.1	0.0	-45.5	-29.5	38
2	2.7	0.0	-2.4	-32.0	39
3	5.4	0.0	11.2	-33.0	34

1	0.9	0.0	51.1	-30.0	21
2	0.9	0.0	-3.0	-32.0	19
3	2.9	0.0	-8.2	-33.5	38
4	2.9	0.0	8.8	-35.5	36
5	4.8	0.0	11.5	-32.0	33
6	4.8	0.0	-11.5	-34.0	31

1	1.2	0.0	49.6	-30.0	36
2	2.5	0.0	-7.9	-34.0	38
3	5.4	0.0	11.6	-32.0	34

1	0.8	0.0	-10.4	-29.5	23
2	2.8	0.0	-8.2	-33.5	37
3	4.8	0.0	16.6	-31.5	33
4	4.8	0.0	11.5	-32.5	32
5	4.8	0.0	-38.1	-34.5	30

1	1.1	0.0	-18.5	-29.5	35
2	2.6	0.0	-8.0	-33.0	37
3	5.5	0.0	11.1	-31.0	31
4	5.5	0.0	-28.4	-33.0	29
5	5.5	0.0	-35.0	-35.0	27

1	1.1	0.0	-48.1	-30.0	37
2	2.6	0.0	-8.4	-33.0	37
3	5.4	0.0	-28.9	-32.5	31
4	5.4	0.0	54.8	-34.5	29

1	0.9	0.0	50.5	-29.5	23
2	0.9	0.0	68.5	-30.5	22
3	0.9	0.0	-13.4	-31.5	21
4	2.7	0.0	-9.3	-33.5	37
5	5.4	0.0	-27.7	-32.5	31

1	1.0	0.0	-53.0	-29.0	38
2	2.7	0.0	-33.9	-30.5	39
3	5.1	0.0	-43.9	-33.5	33

1	0.9	0.0	-19.8	-26.0	25
2	2.6	0.0	-23.0	-32.0	36
3	2.6	0.0	-8.0	-34.0	34
4	5.2	0.0	-28.7	-31.5	34

1	0.9	0.0	-9.3	-25.5	26
2	2.4	0.0	1.3	-33.0	38
3	2.4	0.0	26.1	-34.0	37
4	5.4	0.0	-28.4	-31.0	33

1	0.9	0.0	-9.4	-25.0	26
2	2.7	0.0	-9.1	-32.0	37
3	5.4	0.0	-8.9	-30.5	35
4	5.4	0.0	-3.3	-32.5	33

1	0.9	0.0	-8.8	-25.0	26
2	2.5	0.0	50.5	-33.5	37
3	5.1	0.0	-28.0	-32.5	32
4	5.1	0.0	11.5	-34.5	30
5	5.1	0.0	24.9	-36.5	28

1	0.9	-0.1	-10.4	-24.0	28
2	2.5	0.0	-28.1	-31.0	38
3	5.4	0.0	-3.7	-32.0	31
4	5.4	0.0	11.4	-34.0	29

1	1.1	-0.1	-12.3	-25.5	38
2	5.3	0.0	-28.0	-32.0	32

1	1.1	-0.1	-13.3	-25.0	38
2	5.4	0.0	-27.7	-31.5	33

1	1.1	-0.1	49.6	-27.0	36
2	1.1	-0.1	-18.2	-29.0	34
3	2.6	0.0	-28.5	-31.0	38
4	5.4	0.0	-2.7	-31.5	34

1	1.1	-0.1	-18.2	-23.0	39
2	5.4	0.0	-2.0	-30.5	34

1	1.1	-0.1	-12.7	-22.5	42
2	5.4	0.0	-2.1	-31.0	33

1	2.6	0.0	-28.4	-31.5	37
2	5.4	0.0	-2.1	-31.0	35

1	1.0	-0.1	-13.7	-24.0	37
2	1.0	-0.1	-8.3	-26.0	35
3	5.4	0.0	-2.3	-30.0	36

1	1.2	-0.1	-62.7	-25.5	39
2	1.2	-0.1	-12.9	-27.5	37
3	5.4	0.0	-1.8	-29.0	36

1	1.1	-0.1	-13.0	-30.0	35
2	2.6	0.0	-2.1	-31.0	39
3	2.6	0.0	74.5	-33.0	37
4	5.3	0.0	-2.0	-28.5	36

1	1.2	0.0	-7.9	-26.0	39
2	5.4	0.0	16.7	-30.5	33

1	1.1	0.0	-9.1	-27.0	37
2	5.5	0.0	-27.8	-29.0	34

1	0.8	0.0	-12.2	-24.5	28
2	2.5	0.0	-53.9	-31.0	38
3	2.5	0.0	-9.4	-33.0	36
4	5.5	0.0	-1.0	-29.5	36

1	1.2	-0.1	-1.1	-29.5	35
2	1.2	-0.1	-7.9	-31.5	33
3	5.4	0.0	16.6	-30.0	33

1	0.9	0.0	43.8	-27.0	24
2	5.4	0.0	-0.7	-30.5	33

1	0.8	0.0	-11.1	-26.5	26
2	2.7	0.0	-29.2	-32.5	39
3	2.7	0.0	21.1	-32.5	39
4	2.7	0.0	26.2	-34.5	37
5	5.4	0.0	-7.7	-30.5	34
6	5.4	0.0	-2.7	-32.5	32

1	0.9	0.0	-9.0	-27.0	24
2	5.5	0.0	-54.2	-31.5	33

1	0.9	-0.1	-17.7	-33.0	19
2	2.6	0.0	-40.0	-31.0	38
3	2.6	0.0	1.8	-33.0	36
4	5.5	0.0	-27.7	-31.0	35

1	2.4	0.0	-40.5	-30.0	38
2	2.4	0.0	20.5	-32.0	36
3	5.4	0.0	-28.2	-30.5	35

1	0.9	0.0	-19.0	-32.0	19
2	2.6	0.0	-74.0	-30.5	38
3	2.6	0.0	-7.8	-32.5	36
4	5.4	0.0	10.8	-30.5	35
5	5.4	0.0	15.3	-31.5	34

1	0.8	0.0	-32.3	-31.5	20
2	0.8	0.0	27.3	-33.5	18
3	2.6	0.0	25.8	-31.5	37
4	2.6	0.0	-33.7	-33.5	35
5	5.4	0.0	-50.9	-30.5	33

1	2.6	0.0	26.3	-30.0	38
2	2.6	0.0	-8.1	-30.0	38
3	2.6	0.0	-3.2	-32.0	36
4	5.1	0.0	-0.8	-30.5	35
5	14.3	-39.7	-9.0	-50.0	13
6	14.3	-39.7	4.4	-52.0	11

1	1.4	0.0	-10.4	-30.0	35
2	2.5	0.0	25.9	-30.5	38
3	2.5	0.0	31.6	-32.5	36
4	5.5	0.0	-52.0	-30.5	33

1	2.6	0.0	-40.0	-31.0	37
2	5.4	0.0	17.8	-29.5	34

1	2.6	0.0	-40.7	-31.5	38
2	5.4	0.0	-1.7	-30.5	34

1	2.7	0.0	-40.5	-30.5	38
2	4.8	0.0	-27.7	-30.5	35

1	1.5	0.0	-8.4	-31.5	33
2	2.6	0.0	-40.1	-30.5	38
3	5.4	0.0	-2.2	-31.5	34

1	0.9	0.0	-10.0	-30.5	22
2	2.7	0.0	26.1	-30.0	38
3	5.4	0.0	-2.0	-31.0	34
4	5.4	0.0	-7.3	-32.0	33

1	2.7	0.0	-40.0	-30.0	39
2	5.4	0.0	-27.0	-29.0	35

1	1.5	0.0	-18.2	-31.5	33
2	2.6	0.0	-39.9	-31.0	39
3	5.4	0.0	-1.7	-29.5	36

1	0.8	0.0	-13.0	-33.0	19
2	2.7	0.0	-40.3	-31.0	39
3	5.4	0.0	-27.3	-30.0	33

1	2.7	0.0	-40.1	-29.5	38
2	5.3	0.0	-2.5	-29.0	36
3	5.3	0.0	-8.1	-31.0	34

1	2.7	0.0	-40.0	-30.0	38
2	5.4	0.0	-1.7	-30.0	35
3	5.4	0.0	-7.5	-32.0	33

1	2.6	0.0	-39.7	-30.0	38
2	5.4	0.0	-2.0	-29.5	34

1	2.7	0.0	-39.4	-29.0	39
2	5.3	0.0	-2.3	-29.0	36

1	0.9	0.0	-73.1	-32.5	18
2	0.9	0.0	-56.7	-34.5	16
3	2.7	0.0	-39.3	-28.0	39
4	5.4	0.0	-2.2	-29.5	35

1	2.7	0.0	-39.1	-27.5	38
2	5.3	0.0	-2.4	-29.5	36

1	2.6	0.0	-39.2	-27.5	39
2	5.4	0.0	16.4	-29.5	35

1	2.5	0.0	-39.1	-26.5	38
2	5.4	0.0	-1.8	-29.5	33

1	2.6	0.0	-39.2	-26.5	38
2	5.4	0.0	-53.3	-28.0	38

1	2.6	0.0	-39.2	-26.5	38
2	5.4	0.0	16.3	-29.0	34

1	2.5	0.0	-2.5	-25.5	38
2	5.4	0.0	-2.3	-29.5	34

1	2.5	0.0	-2.6	-25.5	38
2	5.3	0.0	-1.9	-30.5	35

1	2.3	0.0	-2.4	-25.0	39
2	5.4	0.0	-1.9	-29.5	35

1	2.4	0.0	-2.6	-25.0	39
2	5.4	0.0	16.4	-29.5	34

1	2.5	0.0	-2.5	-24.5	39
2	5.4	0.0	-2.4	-29.5	34

1	2.4	0.0	-2.6	-25.0	39
2	5.5	0.0	-54.1	-30.5	32

1	2.4	0.0	-2.5	-25.0	39
2	5.4	0.0	-1.9	-28.0	36
3	5.4	0.0	-29.4	-30.0	34

1	2.4	0.0	-2.5	-25.0	39
2	5.4	0.0	-53.4	-28.0	38

1	2.4	0.0	-2.4	-25.0	39
2	5.4	0.0	-27.8	-28.5	35
3	5.4	0.0	-2.2	-30.5	33

1	2.5	0.0	-2.4	-25.0	41
2	5.5	0.0	-28.4	-28.5	36

1	2.5	0.0	-2.6	-25.0	40
2	5.5	0.0	-28.2	-29.5	34

1	2.6	0.0	25.8	-24.5	41
2	5.6	0.0	-28.7	-30.0	34

1	2.6	0.0	25.7	-23.5	42
2	5.4	0.0	-28.3	-29.5	34

1	2.6	0.0	25.7	-23.5	42
2	5.6	0.0	-28.4	-31.5	32

1	2.6	0.0	25.2	-23.0	42
2	5.6	0.0	-28.2	-31.0	33

1	2.6	0.0	25.4	-23.0	41
2	5.5	0.0	-28.9	-33.0	30

1	2.6	0.0	25.8	-21.5	42
2	6.0	0.0	-28.1	-33.0	31

1	2.6	0.0	25.8	-21.5	42
2	5.1	-0.1	-54.0	-34.5	31
3	5.1	-0.1	69.1	-36.5	29
4	5.9	-0.1	-28.0	-34.0	31

1	2.6	0.0	25.9	-21.5	41
2	5.5	-0.1	-54.0	-33.5	30
3	5.5	-0.1	-6.0	-35.5	28

1	0.9	-0.1	-12.1	-26.5	26
2	2.6	0.0	26.1	-22.5	42
3	6.0	-0.1	-28.5	-33.5	32

1	2.5	0.0	26.5	-23.5	41
2	5.2	-0.1	16.8	-31.5	33

1	2.5	0.0	26.2	-24.0	40
2	2.5	0.0	60.3	-25.0	39
3	5.4	0.0	-30.7	-32.0	33

1	0.9	-0.1	-13.5	-27.5	25
2	2.5	0.0	-1.7	-24.0	40
3	2.5	0.0	26.5	-26.0	38
4	5.2	0.0	11.0	-32.0	32
5	5.2	0.0	4.5	-33.0	31

1	2.5	0.0	-1.5	-23.0	42
2	2.5	0.0	26.5	-25.0	40
3	5.2	0.0	4.4	-32.5	33
4	5.2	0.0	11.0	-34.5	31

1	2.6	0.0	-1.5	-22.5	41
2	2.6	0.0	26.4	-24.5	39
3	5.3	0.0	4.1	-31.5	32

1	2.5	0.0	-1.1	-22.0	42
2	2.5	0.0	26.5	-24.0	40
3	5.5	0.0	4.0	-32.5	31
4	5.5	0.0	10.4	-34.5	29

1	2.6	0.0	-1.2	-22.5	42
2	2.6	0.0	50.7	-24.5	40
3	5.5	-0.1	-27.7	-30.0	34

1	0.9	-0.1	-12.2	-28.5	23
2	2.5	0.0	-1.4	-22.0	43
3	2.5	0.0	50.5	-24.0	41
4	5.4	0.0	-29.3	-32.0	32

1	2.5	0.0	-1.1	-22.0	42
2	5.4	0.0	-29.0	-31.5	34

1	2.5	0.0	-1.2	-22.0	43
2	5.4	0.0	4.3	-32.0	32
3	7.9	0.0	-4.1	-43.0	20

1	2.5	0.0	-1.7	-21.5	42
2	5.4	0.0	4.0	-33.0	32
3	5.4	0.0	10.7	-35.0	30
4	7.8	0.0	-4.1	-42.0	20

1	2.5	0.0	-2.0	-22.0	43
2	5.4	0.0	4.0	-32.5	33
3	5.4	0.0	10.5	-34.5	31

1	2.5	0.0	-2.0	-22.5	43
2	5.3	0.0	3.8	-32.5	32
3	5.3	0.0	11.1	-34.5	30
4	8.1	0.0	24.9	-42.5	21

1	2.5	0.0	-1.9	-24.0	42
2	5.4	0.0	4.2	-33.0	32

1	2.5	0.0	-2.0	-24.0	43
2	5.4	0.0	-29.1	-33.0	32
3	5.4	0.0	-1.6	-35.0	30
4	5.4	0.0	-8.6	-37.0	28
5	8.1	0.0	25.3	-42.5	21

1	2.5	0.0	-1.8	-24.0	42
2	5.4	0.0	-54.3	-32.5	32
3	8.1	0.0	-4.2	-43.0	18

1	2.5	0.0	-1.8	-25.0	43
2	5.4	0.0	15.9	-32.0	33

1	2.5	0.0	-1.9	-24.0	44
2	5.5	0.0	-8.1	-32.0	32

1	2.4	0.0	-2.0	-23.5	43
2	5.4	0.0	-7.8	-32.5	32

1	0.9	0.0	-13.4	-28.0	23
2	2.2	0.0	-2.7	-25.0	42
3	5.6	0.0	-3.3	-30.0	36

1	2.3	0.0	-2.5	-27.0	42
2	5.5	0.0	-7.5	-30.5	33
3	9.4	0.0	-34.1	-47.0	14
4	9.4	0.0	-50.9	-49.0	12

1	0.9	0.0	-22.1	-29.0	23
2	2.2	0.0	-2.4	-29.0	39
3	5.5	0.0	-28.1	-30.0	34

1	0.6	23.9	-16.1	-27.5	24
2	5.5	0.0	-27.9	-30.0	35

1	1.3	0.0	-13.0	-26.5	36
2	5.5	0.0	-27.8	-30.5	34
3	13.8	0.0	23.3	-48.0	13

1	1.1	0.0	-10.9	-27.5	38
2	5.4	0.0	-27.9	-29.0	35

1	0.9	0.0	-20.2	-26.5	25
2	2.4	0.0	16.0	-28.5	39
3	5.5	0.0	-27.8	-29.5	34

1	0.9	0.0	-14.6	-24.5	28
2	5.3	0.0	-28.1	-29.5	34
3	9.4	-0.1	61.1	-48.0	14
4	9.4	-0.1	-41.4	-48.0	14
5	9.4	-0.1	-48.4	-50.0	12

1	0.9	0.0	-8.7	-27.0	24
2	2.4	0.0	15.7	-27.5	40
3	2.4	0.0	6.2	-29.5	38
4	5.4	0.0	-28.4	-31.0	32

1	2.2	0.0	-2.4	-27.5	43
2	5.5	0.0	-28.1	-30.5	34

1	1.5	0.0	-8.4	-28.5	37
2	5.4	0.0	16.3	-29.0	38
3	5.4	0.0	10.9	-31.0	36

1	0.9	0.0	-63.8	-28.0	24
2	2.5	0.0	-0.9	-29.0	40
3	5.4	0.0	-28.0	-29.5	35
4	8.0	0.0	5.1	-43.5	18

1	1.1	0.0	-19.1	-28.5	36
2	2.5	0.0	-0.1	-30.5	39
3	5.4	-0.1	-53.3	-29.0	35

1	0.9	0.0	-61.8	-32.0	21
2	0.9	0.0	-52.8	-34.0	19
3	2.7	0.0	-32.2	-31.5	38
4	2.7	0.0	0.3	-33.5	36
5	5.4	0.0	-55.3	-29.0	34

1	1.1	0.0	-11.4	-32.5	34
2	2.7	0.0	47.5	-32.5	38
3	2.7	0.0	20.3	-34.5	36
4	5.3	0.0	-27.5	-30.0	33

1	0.8	0.0	-32.5	-33.0	19
2	2.7	0.0	-27.2	-32.5	36
3	2.7	0.0	-13.1	-34.5	34
4	5.4	0.0	15.9	-28.5	35
5	7.8	0.0	24.1	-42.0	20

1	0.9	0.0	-18.4	-32.5	20
2	2.7	0.0	-39.1	-32.0	38
3	2.7	0.0	-0.8	-33.0	37
4	5.4	0.0	-2.2	-28.5	34
5	5.4	0.0	-7.4	-30.5	32
6	7.9	0.0	29.7	-42.0	23

1	1.2	0.0	48.6	-33.5	32
2	2.6	0.0	-1.4	-32.5	36
3	2.6	0.0	-39.7	-32.5	36
4	5.4	0.0	15.9	-28.5	35
5	14.1	0.0	48.5	-49.0	13

1	2.6	0.0	-1.2	-32.5	37
2	2.6	0.0	-40.0	-33.5	36
3	5.3	0.0	-27.9	-29.0	36

1	2.7	0.0	-39.2	-31.0	39
2	2.7	0.0	-0.9	-31.0	39
3	5.4	0.0	-54.7	-31.5	33

1	2.6	0.0	-1.0	-30.5	38
2	5.4	0.0	15.3	-30.5	35
3	5.4	0.0	-27.8	-32.5	33

1	2.7	0.0	-1.3	-31.5	39
2	5.5	0.0	-27.5	-31.0	34

1	1.5	0.0	-18.3	-30.5	36
2	2.6	0.0	-1.8	-30.0	41
3	5.2	0.0	-2.3	-31.5	33

1	2.6	0.0	-1.4	-30.5	40
2	5.4	0.0	-2.7	-32.5	32
3	5.4	0.0	-28.3	-34.5	30
4	13.8	0.0	23.7	-49.0	13

1	2.7	0.0	-29.1	-30.0	40
2	2.7	0.0	-69.8	-31.0	39
3	5.5	0.0	-54.5	-32.0	31

1	2.7	0.0	-8.9	-30.5	39
2	2.7	0.0	47.6	-32.5	37
3	5.2	0.0	-2.4	-32.5	31
4	5.2	0.0	-27.7	-34.5	29

1	2.6	0.0	-8.5	-31.5	39
2	5.2	0.0	-55.0	-32.5	32

1	2.6	0.0	-8.4	-30.0	40
2	5.5	0.0	-53.7	-32.0	32

1	0.9	-0.1	7.0	-34.0	19
2	2.7	0.0	-8.6	-30.5	39
3	2.7	0.0	8.5	-31.5	38
4	4.8	-0.1	7.2	-31.5	35

1	2.6	0.0	-8.9	-31.5	39
2	2.6	0.0	9.3	-33.5	37
3	5.4	0.0	-2.0	-31.5	32

1	2.7	0.0	-29.7	-31.0	38
2	2.7	0.0	-16.9	-33.0	36
3	2.7	0.0	21.3	-35.0	34
4	5.4	0.0	-2.7	-30.5	35

1	1.1	-0.1	-49.2	-33.0	34
2	2.7	0.0	-9.8	-31.5	38
3	5.4	0.0	-27.6	-31.0	34

1	2.7	0.0	-11.9	-30.5	40
2	2.7	0.0	50.1	-32.5	38
3	5.4	-0.1	-50.8	-30.5	35
4	5.4	-0.1	13.4	-31.5	34

1	2.5	0.0	-2.5	-27.5	41
2	5.6	0.0	-29.3	-31.5	33

1	2.4	0.0	-2.5	-25.5	42
2	5.4	0.0	-7.1	-30.5	35

1	2.4	0.0	-2.4	-25.0	43
2	5.3	0.0	16.1	-30.0	33
3	8.6	0.0	49.7	-43.0	20
4	13.9	0.0	56.5	-48.5	13

1	2.5	0.0	-2.3	-24.5	42
2	5.4	0.0	-28.7	-29.5	35
3	5.4	0.0	-7.1	-31.5	33
4	9.2	0.0	61.7	-44.5	18

1	2.5	0.0	-2.2	-23.5	42
2	5.4	0.0	-28.7	-30.0	35

1	2.5	0.0	-2.2	-22.5	43
2	5.5	0.0	-28.4	-30.0	33

1	2.5	0.0	-2.1	-21.5	43
2	5.4	0.0	-65.3	-30.5	35
3	5.4	0.0	16.0	-32.5	33

1	2.5	0.0	-2.1	-21.5	42
2	5.4	0.0	-1.0	-30.5	34
3	5.4	0.0	-7.4	-32.5	32

1	2.4	0.0	-2.1	-22.5	42
2	5.3	0.0	16.0	-31.0	36

1	2.5	0.0	-2.0	-25.0	42
2	5.4	0.0	-1.7	-30.5	35

1	2.5	0.0	-2.5	-27.0	40
2	5.4	0.0	-1.5	-30.0	33

1	2.5	0.0	-2.5	-28.0	40
2	5.4	0.0	-7.7	-30.5	33
3	5.4	0.0	-1.6	-31.5	32

1	2.4	0.0	-2.7	-28.5	39
2	5.4	0.0	39.4	-31.0	34
3	5.4	0.0	-54.8	-33.0	32

1	2.3	0.0	-2.5	-28.0	40
2	5.4	0.0	-7.6	-30.5	36

1	2.3	0.0	-2.5	-26.0	40
2	5.5	0.0	-27.9	-31.5	33
3	14.2	0.0	-1.4	-49.5	13

1	2.3	0.0	-2.5	-23.0	41
2	5.5	0.0	-28.7	-30.5	34
3	13.8	-0.1	23.7	-48.0	13

1	2.3	0.0	-2.5	-20.5	41
2	5.4	0.0	-28.6	-28.5	35

1	2.3	0.0	-2.5	-19.5	41
2	5.4	0.0	-28.3	-28.5	36

1	2.3	0.0	-2.6	-19.5	41
2	5.4	0.0	-28.5	-28.5	34

1	2.3	0.0	-2.5	-19.0	41
2	5.4	0.0	-28.3	-29.5	34

1	2.3	0.0	-2.5	-18.5	42
2	5.5	0.0	-28.4	-29.0	35

1	2.3	0.0	-2.5	-18.0	41
2	5.5	0.0	-28.9	-30.0	33

1	2.3	0.0	-2.5	-18.0	42
2	5.5	0.0	-28.6	-29.5	35

1	2.4	0.0	-2.5	-17.5	42
2	5.5	0.0	-28.7	-29.5	35

1	2.4	0.0	-2.5	-17.5	42
2	5.5	0.0	-28.7	-29.5	35

1	2.4	0.0	-2.4	-17.0	42
2	5.5	0.0	-28.7	-29.5	34

1	2.4	0.0	-2.3	-17.0	42
2	5.6	0.0	-29.1	-29.5	35

1	2.4	0.0	-2.2	-17.0	42
2	5.6	0.0	-40.1	-30.0	35

1	2.4	0.0	-2.2	-16.5	42
2	5.4	0.0	-29.8	-29.5	35

1	2.4	0.0	-2.2	-16.5	42
2	5.5	0.0	-30.8	-30.5	35
3	8.0	0.0	30.2	-42.0	20

1	2.4	0.0	-2.3	-16.5	42
2	5.5	0.0	-30.5	-30.5	34

1	2.4	0.0	-2.3	-17.0	42
2	5.6	0.0	-38.5	-31.5	33
3	5.6	0.0	-30.8	-33.5	31

1	2.5	0.0	-2.3	-17.5	42
2	5.5	0.0	-30.5	-31.0	34
3	5.5	0.0	-15.0	-31.0	34

1	2.4	0.0	-2.3	-17.5	42
2	5.6	0.0	-37.1	-30.5	33
3	5.6	0.0	-30.9	-32.5	31
4	8.0	0.0	30.4	-41.0	21

1	2.4	0.0	-2.2	-18.0	42
2	5.4	0.0	-2.0	-29.5	35

1	2.5	0.0	-2.1	-19.0	41
2	5.4	0.0	-2.0	-29.5	36

1	2.5	0.0	-2.2	-20.5	41
2	2.5	0.0	25.1	-21.5	40
3	5.4	0.0	-1.8	-28.0	38

1	2.5	0.0	48.4	-21.5	41
2	5.4	0.0	-1.3	-29.0	36

1	2.5	0.0	-20.3	-23.0	41
2	5.4	0.0	-1.3	-30.5	35

1	2.4	0.0	-19.8	-24.0	41
2	5.4	0.0	-1.2	-30.5	34

1	2.5	0.0	-19.2	-23.0	42
2	5.5	0.0	-0.8	-31.5	34
3	5.5	0.0	-40.9	-33.5	32

1	2.4	0.0	-2.2	-21.5	42
2	5.4	0.0	-1.8	-30.0	37

1	2.4	0.0	-2.1	-20.5	41
2	5.4	0.0	-1.5	-29.5	35
3	5.4	0.0	-29.1	-30.5	34

1	2.4	0.0	-2.1	-20.5	42
2	5.5	0.0	-1.0	-30.0	34
3	5.5	0.0	-29.3	-31.0	33

1	2.4	0.0	-2.1	-20.5	42
2	5.4	0.0	-0.6	-30.0	35
3	5.4	0.0	-29.7	-32.0	33

1	2.4	0.0	-2.2	-20.5	42
2	5.5	0.0	-1.2	-30.5	34
3	5.5	0.0	-28.9	-31.5	33

1	2.4	0.0	-2.0	-20.5	42
2	5.3	-0.1	-1.3	-30.0	32
3	5.3	-0.1	-65.0	-32.0	30

1	2.4	0.0	-1.8	-19.0	42
2	5.4	0.0	-1.1	-31.0	33
3	5.4	0.0	-28.9	-32.0	32

1	2.4	0.0	-2.0	-18.5	43
2	5.5	0.0	-66.3	-30.5	36
3	5.5	0.0	-1.4	-32.5	34
4	5.5	0.0	-28.6	-34.5	32
5	7.9	0.0	50.3	-42.0	21
6	7.9	0.0	-4.3	-44.0	19

1	2.4	0.0	-2.0	-18.0	43
2	5.4	0.0	-65.5	-30.5	34

1	2.4	0.0	-2.0	-18.0	43
2	5.4	0.0	-30.6	-30.0	34
3	5.4	0.0	-1.4	-31.0	33

1	2.4	0.0	-2.1	-18.0	42
2	5.4	0.0	-65.8	-31.0	33
3	5.4	0.0	4.2	-31.0	33

1	2.4	0.0	-2.0	-18.0	42
2	5.4	0.0	-29.8	-31.0	33
3	5.4	0.0	-2.1	-33.0	31
4	5.4	0.0	39.3	-35.0	29
5	8.1	0.0	-4.6	-42.0	18
6	8.1	0.0	-33.3	-44.0	16

1	2.4	0.0	-2.0	-17.5	42
2	5.6	0.0	-42.5	-32.0	32
3	5.6	0.0	-7.1	-34.0	30
4	8.0	0.0	-4.0	-41.0	20
5	8.0	0.0	-9.2	-42.0	19

1	2.4	0.0	-2.0	-17.5	42
2	5.4	0.0	4.0	-30.5	34
3	7.8	-0.1	-4.3	-42.0	20

1	2.4	0.0	-2.0	-17.5	42
2	5.6	0.0	-41.9	-32.0	31
3	5.6	0.0	-7.0	-34.0	29
4	8.1	0.0	-4.8	-42.0	19

1	2.4	0.0	-2.0	-17.5	42
2	5.4	0.0	-2.0	-31.5	33
3	5.4	0.0	-7.3	-32.5	32
4	7.8	0.0	-4.1	-40.5	20
5	7.8	0.0	-52.8	-42.5	18

1	2.4	0.0	-2.0	-17.0	42
2	5.5	0.0	-42.5	-31.5	32
3	5.5	0.0	44.0	-33.5	30

1	2.4	0.0	-2.0	-17.0	42
2	5.4	-0.1	4.3	-30.5	34
3	7.8	-0.1	6.5	-41.0	22

1	2.4	0.0	-2.0	-17.5	42
2	5.4	-0.1	-31.6	-30.5	35
3	5.4	-0.1	24.9	-32.5	33

1	2.4	0.0	-2.0	-17.5	42
2	5.5	-0.1	-29.7	-31.0	34
3	5.5	-0.1	-1.6	-33.0	32

1	2.4	0.0	-2.0	-19.0	43
2	5.5	0.0	-28.8	-31.5	33

1	2.4	0.0	-1.5	-25.5	42
2	2.4	0.0	-17.9	-26.5	41
3	5.5	0.0	-29.6	-30.5	33

1	0.7	-0.1	-9.4	-30.5	20
2	2.5	0.0	-2.1	-24.0	42
3	5.4	-0.1	-28.7	-29.5	35

1	2.4	0.0	-2.3	-25.5	41
2	5.4	0.0	-28.2	-30.0	34

1	2.4	0.0	-2.5	-25.5	40
2	5.6	0.0	-28.2	-31.0	34

1	2.4	0.0	-2.4	-26.0	40
2	5.5	0.0	16.6	-31.0	34

1	2.4	0.0	-2.0	-25.5	39
2	5.5	0.0	-30.1	-31.0	34
3	5.5	0.0	-2.1	-32.0	33

1	2.5	0.0	-1.5	-27.5	38
2	5.4	0.0	15.5	-29.5	34

1	2.5	0.0	-22.2	-30.0	37
2	5.4	-0.1	-31.6	-31.0	34

1	2.6	0.0	-8.0	-31.0	37
2	2.6	0.0	-22.4	-33.0	35
3	5.4	0.0	-65.7	-33.0	33

1	0.9	0.0	-12.4	-27.5	24
2	4.7	-0.1	-34.2	-32.0	33
3	4.7	-0.1	-7.4	-34.0	31

1	2.4	0.0	-2.3	-29.0	39
2	4.9	0.0	-43.0	-32.5	33
3	4.9	0.0	15.8	-34.5	31

1	0.9	0.0	-64.0	-28.0	24
2	0.9	0.0	31.6	-30.0	22
3	2.4	0.0	-2.1	-30.0	39
4	2.4	0.0	-70.6	-32.0	37
5	5.1	0.0	-2.8	-32.5	33
6	5.1	0.0	38.6	-33.5	32

1	0.9	0.0	-12.8	-26.0	25
2	2.5	0.0	62.2	-30.0	39
3	2.5	0.0	26.0	-30.0	39
4	2.5	0.0	-58.8	-32.0	37
5	5.2	0.0	33.6	-34.5	29
6	5.2	0.0	-3.0	-35.5	28

1	0.9	0.0	-12.8	-24.0	27
2	3.9	0.0	-44.3	-34.5	32
3	6.5	0.0	-36.1	-37.0	26

1	1.0	0.0	-13.0	-25.5	40
2	4.7	0.0	-2.1	-33.5	34

1	0.9	0.0	-8.7	-26.0	25
2	5.2	0.0	3.6	-36.0	31

1	0.9	0.0	-14.2	-26.0	25
2	0.9	0.0	-18.9	-28.0	23
3	4.1	0.0	-18.5	-35.0	31
4	4.1	0.0	3.5	-37.0	29
5	5.2	0.0	7.9	-35.5	29
6	5.2	0.0	3.2	-37.5	27

1	1.1	0.0	-9.0	-27.5	36
2	2.4	0.0	-17.8	-31.5	39
3	3.9	0.0	-44.2	-35.0	32
4	3.9	0.0	10.7	-37.0	30
5	5.4	0.0	9.0	-35.0	31
6	5.4	0.0	-55.8	-37.0	29

1	0.9	0.0	-14.9	-29.0	22
2	2.6	0.0	-35.2	-32.5	38
3	2.6	0.0	-17.9	-34.5	36
4	4.7	0.0	6.0	-35.0	29
5	4.7	0.0	11.3	-35.0	29
6	4.7	0.0	-53.5	-36.0	28

1	0.9	0.0	-14.2	-25.5	26
2	2.6	0.0	-51.8	-32.5	39
3	4.7	0.0	6.5	-34.0	32
4	4.7	0.0	2.0	-36.0	30

1	0.9	-0.1	-13.3	-25.0	28
2	2.4	0.0	-27.6	-32.0	39
3	2.4	0.0	59.1	-34.0	37
4	4.8	0.0	6.3	-33.0	35

1	4.8	0.0	6.5	-33.5	33

1	0.8	0.0	-13.2	-25.0	26
2	0.8	0.0	-18.2	-25.0	26
3	2.7	0.0	-17.4	-31.5	37
4	4.8	0.0	6.2	-34.5	31
5	6.5	0.0	-34.8	-38.0	26

1	0.8	0.0	-13.1	-24.5	28
2	0.8	0.0	-18.1	-26.5	26
3	2.5	0.0	-27.5	-32.5	38
4	5.2	0.0	8.5	-34.0	31

1	0.8	0.0	-14.0	-24.5	26
2	5.1	0.0	-36.1	-33.0	32

1	0.9	0.0	-63.1	-25.5	25
2	0.9	0.0	-14.3	-27.5	23
3	4.9	0.0	1.6	-34.5	33
4	4.9	0.0	28.0	-36.5	31
5	6.6	0.0	-35.2	-38.5	26

1	0.9	0.0	-62.9	-24.5	27
2	5.1	0.0	-34.0	-34.5	32

1	0.9	0.0	-13.5	-21.5	29
2	0.9	0.0	-62.9	-23.5	27
3	4.0	0.0	27.4	-36.0	31
4	5.2	0.0	-66.2	-36.0	28
5	6.6	0.0	-34.0	-37.5	26

1	0.9	0.0	-13.9	-21.0	30
2	4.5	0.0	-23.1	-35.5	32
3	4.5	0.0	27.4	-37.5	30
4	6.6	0.0	-11.4	-39.0	26

1	1.0	0.0	-15.3	-20.5	43
2	6.6	0.0	-35.8	-39.0	25

1	1.1	0.0	-13.7	-21.5	41
2	4.5	0.0	-10.1	-34.5	32
3	4.5	0.0	20.0	-36.5	30

1	0.9	0.0	-12.5	-22.0	29
2	4.7	0.0	7.0	-34.0	32

1	0.9	0.0	-12.6	-22.5	30
2	4.3	0.0	-2.9	-35.0	33
3	6.6	0.0	-34.8	-37.5	26
4	13.7	-0.1	28.3	-49.5	13

1	1.0	0.0	-12.9	-22.0	41
2	4.7	0.0	7.0	-35.0	31

1	1.0	0.0	-12.9	-21.5	40
2	4.8	0.0	51.3	-35.5	31
3	4.8	0.0	6.5	-36.5	30

1	0.9	0.0	-12.7	-24.5	27
2	5.4	0.0	-28.0	-36.0	29

1	0.8	0.0	-12.5	-25.5	25
2	4.7	0.0	6.9	-34.0	33
3	4.7	0.0	11.9	-36.0	31

1	1.1	0.0	-12.1	-25.5	39
2	4.8	0.0	-33.5	-34.5	31
3	6.5	0.0	27.3	-37.0	26
4	6.5	0.0	56.3	-39.0	24

1	1.0	0.0	-12.7	-25.5	40
2	5.3	0.0	12.5	-35.0	30

1	0.8	0.0	-11.9	-25.5	25
2	2.5	0.0	-2.4	-32.0	38
3	5.3	0.0	-1.7	-35.0	29
4	5.3	0.0	50.8	-37.0	27

1	0.9	0.0	-11.8	-26.5	24
2	0.9	0.0	38.5	-27.5	23
3	5.2	0.0	-7.6	-34.0	31
4	5.2	0.0	-1.8	-36.0	29

1	1.2	0.0	-59.5	-27.0	37
2	4.8	0.0	-39.2	-33.0	33
3	4.8	0.0	32.3	-35.0	31
4	4.8	0.0	68.3	-37.0	29

1	0.9	0.0	-19.6	-27.0	24
2	0.9	0.0	-29.9	-29.0	22
3	2.4	0.0	-2.2	-29.0	39
4	4.9	0.0	5.3	-34.0	33
5	4.9	0.0	48.4	-35.0	32

1	0.9	0.0	-19.3	-24.5	27
2	2.4	0.0	-2.2	-29.0	38
3	5.4	0.0	-54.2	-33.5	32
4	5.4	0.0	-62.1	-35.5	30

1	0.8	0.0	-19.1	-23.5	29
2	5.4	0.0	-7.0	-32.5	31

1	0.9	0.0	-19.2	-23.5	28
2	5.3	0.0	14.8	-33.5	32

1	0.9	0.0	-19.6	-24.5	26
2	0.9	0.0	-14.0	-25.5	25
3	5.4	0.0	13.3	-33.5	31

1	0.9	0.0	-19.6	-25.0	27
2	0.9	0.0	42.1	-26.0	26
3	5.4	0.0	-7.3	-34.0	32

1	0.9	0.0	42.5	-25.0	26
2	0.9	0.0	-18.9	-26.0	25
3	0.9	0.0	-29.6	-28.0	23
4	5.3	0.0	-2.7	-33.5	31
5	5.3	0.0	-7.6	-34.5	30
6	13.8	0.0	4.1	-49.5	14
7	13.8	0.0	9.7	-49.5	14

1	0.9	0.0	42.7	-24.5	26
2	0.9	0.0	-18.6	-25.5	25
3	0.9	0.0	-29.2	-27.5	23
4	5.3	0.0	-2.7	-33.0	32

1	1.0	0.0	42.6	-24.5	40
2	1.0	0.0	-18.4	-25.5	39
3	5.4	0.0	-7.7	-32.0	32
4	5.4	0.0	-2.5	-33.0	31

1	0.9	0.0	-13.8	-25.0	26
2	0.9	0.0	-9.1	-27.0	24
3	5.4	0.0	-7.4	-32.5	32
4	5.4	0.0	-2.5	-34.5	30

1	0.9	0.0	-13.9	-25.5	26
2	0.9	0.0	-8.8	-27.5	24
3	5.5	0.0	-7.5	-33.0	31

1	0.9	0.0	-13.9	-25.5	27
2	5.4	0.0	15.9	-32.0	33

1	0.9	0.0	-14.0	-26.5	25
2	2.2	0.0	-2.8	-26.0	41
3	5.4	0.0	-7.9	-29.5	35

1	2.2	0.0	-2.8	-25.5	41
2	5.4	0.0	-8.0	-28.5	35

1	2.2	0.0	-2.8	-25.0	40
2	5.4	0.0	16.1	-29.0	35
3	13.8	0.0	56.7	-48.5	14

1	0.9	0.0	-13.6	-27.0	24
2	2.4	0.0	-2.8	-25.0	40
3	5.4	0.0	16.2	-29.0	35

1	0.9	0.0	-13.6	-27.5	23
2	0.9	0.0	-64.1	-29.5	21
3	2.5	0.0	-2.9	-24.5	40
4	5.4	0.0	16.1	-30.0	36

1	0.9	0.0	-12.5	-26.5	25
2	2.4	0.0	-2.8	-24.5	40
3	5.4	0.0	-28.4	-30.0	34

1	0.9	0.0	-11.3	-26.0	25
2	2.4	0.0	-2.8	-25.0	40
3	5.4	0.0	15.9	-30.0	34

1	0.9	0.0	-11.1	-26.0	25
2	2.4	0.0	-2.8	-25.0	40
3	5.4	0.0	15.9	-30.5	35

1	0.9	0.0	-10.8	-27.0	25
2	2.3	0.0	-2.7	-25.0	41
3	5.4	0.0	-7.9	-30.0	34
4	5.4	0.0	-28.2	-32.0	32

1	0.9	0.0	-10.7	-28.0	23
2	2.3	0.0	-2.7	-25.0	41
3	5.3	0.0	-7.5	-30.5	35
4	13.7	0.0	15.5	-50.0	13
5	13.7	0.0	23.7	-51.0	12

1	2.3	0.0	-2.7	-25.0	41
2	5.4	0.0	-28.9	-31.0	33
3	9.3	0.0	64.9	-45.0	18
4	9.3	0.0	17.4	-46.0	17

1	2.3	0.0	-2.9	-24.5	40
2	5.4	0.0	16.3	-30.5	34
3	5.4	0.0	11.5	-32.5	32

1	2.3	0.0	-2.7	-25.0	41
2	5.4	0.0	-7.6	-31.5	34

1	0.8	0.0	-13.8	-30.0	21
2	2.4	0.0	-2.7	-25.0	40
3	5.3	0.0	16.3	-31.5	33

1	2.3	0.0	-2.6	-24.5	40
2	5.4	0.0	-7.4	-31.5	32

1	2.3	0.0	-2.8	-23.5	41
2	5.5	0.0	-7.0	-30.5	33
3	5.5	0.0	-3.1	-32.5	31

1	2.4	0.0	-2.7	-24.0	41
2	5.4	0.0	-53.9	-30.0	34

1	0.9	0.0	-14.1	-32.5	20
2	2.4	0.0	-2.7	-23.5	41
3	5.4	0.0	-54.4	-30.5	33

1	2.4	0.0	-2.7	-23.5	42
2	5.5	0.0	-8.6	-31.0	35

1	2.4	0.0	-2.6	-23.0	43
2	5.4	0.0	16.0	-33.0	32

1	2.4	0.0	-2.5	-23.0	42
2	5.4	0.0	15.0	-31.5	33
3	11.5	0.0	-3.1	-50.5	13

1	2.5	0.0	-2.2	-23.0	43
2	5.4	0.0	-55.0	-30.5	35

1	2.4	0.0	-2.4	-23.0	43
2	5.3	0.0	15.7	-31.5	35

1	2.4	0.0	-2.0	-23.5	43
2	5.5	0.0	16.0	-30.5	34

1	2.4	0.0	-2.0	-23.5	43
2	5.6	0.0	-55.0	-30.5	33

1	2.5	0.0	-1.9	-23.5	42
2	5.5	0.0	-7.5	-31.0	33
3	5.5	0.0	-54.3	-33.0	31

1	2.4	0.0	-1.9	-24.0	42
2	5.4	0.0	-54.3	-30.0	36
3	8.1	0.0	-4.3	-41.5	20

1	2.5	0.0	-2.0	-25.0	42
2	5.4	0.0	15.0	-31.0	34

1	2.5	0.0	-1.8	-26.0	41
2	5.4	0.0	15.4	-30.5	34

1	2.5	0.0	-1.7	-26.5	40
2	5.4	0.0	-7.9	-30.0	35
3	8.6	0.0	6.0	-43.5	18

1	2.5	0.0	-1.6	-28.0	40
2	5.5	0.0	-7.8	-31.5	34

1	2.6	0.0	-1.5	-29.5	39
2	2.6	0.0	49.8	-31.5	37
3	5.3	0.0	-8.0	-29.5	35

1	2.7	0.0	8.6	-29.5	38
2	2.7	0.0	49.7	-30.5	37
3	5.5	0.0	-8.1	-30.0	36

1	2.6	0.0	-30.8	-30.5	37
2	2.6	0.0	-38.7	-32.5	35
3	5.4	0.0	-7.5	-28.5	37

1	0.9	0.0	-18.9	-31.5	20
2	2.7	0.0	7.5	-30.0	38
3	5.5	0.0	-54.2	-30.0	35
4	5.5	0.0	-7.5	-31.0	34

1	2.5	0.0	7.9	-30.5	38
2	5.4	0.0	-7.8	-30.0	34
3	5.4	0.0	-54.1	-31.0	33

1	2.7	0.0	7.6	-30.0	38
2	5.4	0.0	-2.4	-29.0	37
3	5.4	0.0	-7.4	-30.0	36

1	2.6	0.0	-2.1	-30.5	37
2	5.5	0.0	-53.1	-29.5	35
3	5.5	0.0	-7.3	-30.5	34

1	2.6	0.0	7.5	-30.5	37
2	5.4	0.0	15.0	-30.0	34
3	5.4	0.0	46.0	-31.0	33

1	2.6	0.0	-2.1	-29.5	38
2	5.5	0.0	-7.7	-30.0	35
3	5.5	0.0	-2.9	-32.0	33

1	2.5	0.0	7.8	-30.0	38
2	5.5	0.0	-2.1	-29.5	35

1	2.6	0.0	-2.3	-29.5	38
2	5.4	0.0	-8.1	-29.0	35
3	5.4	0.0	-55.4	-31.0	33

1	2.6	0.0	7.5	-29.5	37
2	5.4	0.0	15.9	-29.0	35

1	2.6	0.0	7.5	-30.0	37
2	5.4	0.0	-1.7	-29.5	34
3	14.0	0.0	56.6	-49.5	13

1	2.5	0.0	7.2	-29.5	38
2	5.4	0.0	-2.0	-29.5	35
3	5.4	0.0	-7.6	-31.5	33

1	0.9	-0.1	-45.9	-32.5	19
2	0.9	-0.1	-31.2	-34.5	17
3	2.6	0.0	7.2	-29.0	38
4	5.3	0.0	-2.0	-28.0	35

1	2.6	0.0	7.2	-29.0	38
2	2.6	0.0	17.0	-31.0	36
3	5.4	0.0	-53.8	-29.0	35

1	2.6	0.0	-2.7	-28.5	38
2	5.4	0.0	-1.5	-29.0	36

1	2.5	0.0	-2.1	-29.5	38
2	5.4	0.0	16.4	-28.5	36

1	2.5	0.0	-2.0	-28.0	39
2	5.3	0.0	-2.0	-28.5	36

1	0.9	-0.1	-18.4	-31.5	21
2	2.6	0.0	-2.1	-26.5	40
3	5.4	0.0	-28.0	-28.5	36

1	2.6	0.0	-2.2	-24.0	41
2	5.4	0.0	-27.3	-29.0	34

1	2.5	0.0	-1.9	-22.0	41
2	5.4	0.0	-27.8	-29.5	35

1	0.9	-0.1	-8.6	-28.5	24
2	2.5	0.0	-1.8	-21.0	41
3	5.4	0.0	-27.8	-29.5	36

1	2.5	0.0	-2.0	-20.0	41
2	5.5	0.0	-27.4	-30.5	34

1	2.4	0.0	-2.0	-19.5	41
2	5.6	0.0	-28.5	-30.0	33

1	2.4	0.0	-2.0	-18.5	42
2	5.6	0.0	-29.3	-31.5	31
3	5.6	0.0	-1.9	-33.5	29

1	2.4	0.0	-2.0	-18.0	42
2	5.6	0.0	-30.7	-30.5	34

1	2.4	0.0	-2.0	-17.5	42
2	5.5	0.0	16.8	-32.5	32

1	2.4	0.0	-1.9	-17.5	42
2	5.6	0.0	-66.9	-31.5	34

1	2.4	0.0	-2.0	-17.5	42
2	5.4	0.0	-29.2	-31.0	34
3	8.1	0.0	5.0	-43.0	20
4	8.1	0.0	-9.8	-44.0	19

1	2.4	0.0	-2.0	-18.0	42
2	5.5	0.0	39.9	-30.5	35
3	5.5	0.0	-42.8	-32.5	33

1	2.4	0.0	-1.9	-17.5	42
2	5.5	0.0	39.6	-30.5	34

1	2.4	0.0	-2.0	-17.0	42
2	5.4	0.0	4.4	-30.5	33
3	7.9	0.0	30.0	-42.0	21
4	7.9	0.0	-9.0	-44.0	19

1	2.4	0.0	-2.0	-17.0	42
2	5.4	0.0	-42.4	-30.5	34
3	7.9	0.0	3.5	-42.0	20
4	7.9	0.0	-10.2	-43.0	19

1	2.4	0.0	-1.9	-17.0	42
2	5.4	0.0	-42.6	-31.0	34
3	7.9	0.0	3.0	-41.5	21
4	7.9	0.0	-10.2	-41.5	21
5	7.9	0.0	-4.7	-42.5	20

1	2.4	0.0	-1.9	-16.5	42
2	5.4	0.0	-42.7	-31.0	33
3	13.5	26.6	20.3	-49.0	13
4	13.5	26.6	24.8	-51.0	11

1	2.4	0.0	-1.9	-16.0	42
2	5.4	0.0	24.2	-31.5	33
3	5.4	0.0	39.6	-33.5	31

1	2.4	0.0	-1.9	-16.0	42
2	5.6	0.0	-41.8	-32.0	33
3	5.6	0.0	-32.4	-34.0	31

1	2.4	0.0	-1.9	-16.0	42
2	5.5	0.0	-41.3	-31.5	33

1	2.4	0.0	-2.0	-16.5	42
2	5.4	0.0	-41.6	-31.0	34
3	5.4	0.0	-1.0	-33.0	32

1	2.4	0.0	-2.0	-16.5	42
2	5.4	0.0	-42.5	-31.5	32
3	5.4	0.0	-1.5	-33.5	30

1	2.4	0.0	-1.9	-16.5	42
2	5.2	0.0	16.4	-31.5	32

1	2.4	0.0	-1.9	-16.5	42
2	5.4	0.0	-41.8	-30.5	34

1	2.4	0.0	-2.0	-16.5	42
2	5.5	0.0	-29.7	-31.0	33
3	5.5	0.0	-1.7	-33.0	31
4	7.9	0.0	6.2	-40.5	22

1	2.4	0.0	-2.0	-16.5	42
2	5.5	0.0	-30.4	-31.5	33
3	8.0	0.0	30.7	-42.0	21
4	8.0	0.0	-9.1	-42.0	21

1	2.4	0.0	-1.9	-17.0	42
2	5.4	0.0	4.3	-31.0	33
3	5.4	0.0	-65.4	-33.0	31

1	2.4	0.0	-1.9	-17.0	42
2	5.4	0.0	-1.5	-32.0	32
3	5.4	0.0	-29.2	-34.0	30

1	2.4	0.0	-2.0	-17.0	42
2	5.4	0.0	4.2	-31.5	34
3	5.4	0.0	-1.5	-33.5	32

1	2.4	0.0	-2.0	-17.0	42
2	5.6	0.0	-31.2	-30.0	32
3	5.6	0.0	23.9	-32.0	30

1	2.4	0.0	-2.0	-16.5	42
2	5.5	0.0	-30.1	-31.0	33
3	13.9	0.0	24.2	-50.0	13

1	2.4	0.0	-1.9	-17.0	41
2	5.2	0.0	16.8	-31.5	33

1	2.4	0.0	-2.0	-17.5	41
2	5.5	0.0	-28.5	-32.0	34
3	5.5	0.0	-1.3	-32.0	34

1	2.4	0.0	-2.0	-18.5	41
2	5.6	0.0	16.9	-32.5	31

1	2.4	0.0	-2.2	-19.0	41
2	5.6	0.0	-27.9	-31.5	34

1	2.4	0.0	-2.1	-19.5	41
2	5.5	0.0	-27.8	-31.5	33

1	2.5	0.0	-2.2	-19.5	41
2	5.4	0.0	-27.8	-31.0	34

1	2.4	0.0	-2.1	-19.0	41
2	5.4	0.0	-27.3	-30.0	34

1	2.4	0.0	-2.0	-19.0	41
2	5.5	0.0	-27.1	-30.5	35

1	2.4	0.0	-1.8	-19.5	41
2	5.4	0.0	-27.3	-29.5	35

1	2.4	0.0	-1.9	-20.5	41
2	5.5	0.0	-28.1	-30.0	34

1	2.4	0.0	-2.1	-21.0	41
2	5.6	0.0	-27.8	-31.0	33

1	2.4	0.0	-2.0	-21.0	41
2	5.6	0.0	-27.3	-31.0	33
3	14.2	0.0	48.5	-49.0	13

1	2.4	0.0	-2.0	-21.5	41
2	5.5	0.0	-28.1	-30.5	33

1	2.4	0.0	-1.8	-21.0	41
2	5.4	0.0	16.5	-30.5	33
3	7.9	0.0	-4.8	-43.0	19

1	2.5	0.0	-1.6	-21.0	41
2	5.5	0.0	-28.1	-29.5	33

1	2.4	0.0	-1.7	-20.5	41
2	5.4	0.0	17.2	-30.0	33

1	2.5	0.0	-1.7	-20.5	41
2	5.4	0.0	-28.3	-30.0	34

1	2.4	0.0	-1.7	-20.5	41
2	5.4	0.0	-27.8	-29.5	35

1	2.5	0.0	-1.7	-20.0	42
2	5.4	0.0	16.1	-30.0	34

1	2.4	0.0	-1.7	-20.0	41
2	5.6	0.0	-28.0	-29.5	36

1	2.5	0.0	-1.7	-19.5	42
2	5.4	0.0	-28.1	-30.5	33

1	2.4	0.0	-1.8	-19.5	41
2	5.5	0.0	-28.4	-29.5	35

1	2.5	0.0	-1.8	-19.0	41
2	5.5	0.0	-28.3	-30.5	34

1	2.4	0.0	-1.9	-19.0	42
2	5.5	0.0	-28.3	-31.0	33

1	2.4	0.0	-1.8	-19.0	42
2	5.4	0.0	-29.2	-30.5	34

1	2.4	0.0	-1.9	-19.0	42
2	5.4	0.0	-29.2	-30.0	33

1	2.4	0.0	-2.0	-19.0	42
2	5.4	0.0	-29.3	-30.0	33
3	11.6	-0.1	-2.8	-50.0	13

1	2.4	0.0	-1.9	-19.5	43
2	5.5	0.0	-27.9	-32.5	31

1	2.4	0.0	-2.0	-20.0	42
2	5.3	0.0	-28.1	-31.5	33

1	2.4	0.0	-2.0	-20.0	42
2	5.4	0.0	-28.4	-30.0	33

1	2.4	0.0	-1.9	-20.5	42
2	5.3	0.0	-28.8	-31.0	33

1	2.4	0.0	-1.7	-21.5	42
2	5.5	0.0	-63.5	-31.0	33
3	5.5	0.0	-52.7	-32.0	32
4	13.8	0.0	23.5	-49.0	14

1	2.4	0.0	-1.6	-22.5	42
2	5.4	0.0	-28.2	-29.5	33

1	2.4	0.0	-1.6	-24.0	41
2	5.4	-0.1	16.1	-27.5	36

1	2.4	0.0	-1.4	-25.0	43
2	5.4	0.0	-29.0	-28.0	36

1	2.5	0.0	-1.2	-27.0	42
2	5.4	-0.1	-27.6	-29.5	33

1	2.6	0.0	-1.1	-30.5	40
2	5.3	0.0	16.1	-29.0	36
3	5.3	0.0	-48.2	-31.0	34

1	1.5	0.0	-18.3	-33.5	32
2	2.5	0.0	-0.9	-33.5	37
3	5.4	0.0	-29.1	-30.5	33
4	5.4	0.0	-2.3	-32.5	31

1	0.8	0.0	-12.9	-33.0	20
2	0.8	0.0	-19.5	-33.0	20
3	2.4	0.0	-26.8	-33.5	36
4	2.4	0.0	62.0	-33.5	36
5	5.4	0.0	15.8	-30.5	35
6	5.4	0.0	-48.1	-32.5	33

1	2.6	0.0	60.7	-32.5	37
2	2.6	0.0	12.0	-34.5	35
3	5.4	0.0	16.2	-30.5	34

1	1.1	0.0	5.4	-32.0	33
2	2.7	0.0	-32.6	-32.5	37
3	2.7	0.0	8.4	-34.5	35
4	5.4	0.0	-50.4	-29.5	36

1	2.7	0.0	-7.6	-32.5	38
2	2.7	0.0	11.5	-33.5	37
3	2.7	0.0	6.3	-35.5	35
4	5.5	0.0	-2.1	-30.5	35

1	2.7	0.0	36.1	-33.5	36
2	2.7	0.0	5.9	-35.5	34
3	5.4	0.0	-28.4	-32.0	33

1	1.3	0.0	6.0	-32.0	33
2	1.3	0.0	34.8	-33.0	32
3	2.7	0.0	50.1	-32.0	38
4	5.4	0.0	-56.8	-32.0	33

1	1.2	0.0	-19.1	-32.5	32
2	1.2	0.0	55.0	-34.5	30
3	2.6	0.0	-33.9	-33.0	37
4	4.5	0.0	-17.5	-35.0	31
5	4.5	0.0	-33.3	-37.0	29
6	4.5	0.0	-27.8	-39.0	27

1	0.9	0.0	-13.5	-31.0	20
2	2.7	0.0	-34.4	-33.0	36
3	5.2	0.0	-58.3	-34.0	30

1	1.1	0.0	-14.2	-30.5	36
2	1.1	0.0	-8.4	-32.5	34
3	2.5	0.0	-23.6	-33.5	36
4	2.5	0.0	35.5	-34.5	35
5	2.5	0.0	27.0	-36.5	33
6	5.4	-0.1	10.2	-32.0	32

1	0.9	0.0	-18.8	-30.5	22
2	2.6	0.0	-23.8	-33.0	37
3	2.6	0.0	-16.0	-34.0	36
4	2.6	0.0	-28.9	-36.0	34
5	5.4	-0.1	-17.5	-33.0	32
6	5.4	-0.1	-54.5	-35.0	30

1	1.2	0.0	26.7	-32.5	32
2	2.7	0.0	-38.4	-33.0	37
3	5.4	-0.1	-29.9	-31.5	34
4	5.4	-0.1	44.5	-31.5	34

1	1.2	-0.1	-62.5	-30.5	35
2	1.2	-0.1	-18.2	-32.5	33
3	1.2	-0.1	-23.2	-34.5	31
4	2.8	0.0	-39.2	-34.0	37
5	5.4	-0.1	10.7	-32.0	32
6	5.4	-0.1	-29.9	-34.0	30

1	1.1	-0.1	-9.3	-32.5	35
2	2.8	0.0	38.6	-33.0	37
3	5.4	-0.1	15.1	-34.0	30
4	9.4	0.0	-21.2	-48.0	15

1	0.9	-0.1	-52.0	-30.0	21
2	0.9	-0.1	49.0	-32.0	19
3	2.8	0.0	51.5	-32.0	40
4	5.3	0.0	-1.4	-34.0	32
5	5.3	0.0	-29.3	-35.0	31
6	9.7	0.0	44.8	-48.5	14

1	1.0	-0.1	-63.7	-25.5	38
2	2.7	0.0	-38.7	-31.5	39
3	5.4	0.0	-65.0	-34.5	31
4	5.4	0.0	-2.0	-36.5	29

1	1.0	-0.1	-8.3	-23.5	40
2	2.6	0.0	-37.9	-30.0	40
3	5.3	0.0	-67.5	-35.5	31

1	0.9	-0.1	-12.5	-21.5	30
2	2.7	0.0	-38.6	-30.0	39
3	4.6	0.0	-40.3	-36.0	27
4	4.6	0.0	-2.1	-38.0	25
5	4.6	0.0	50.1	-40.0	23
6	6.7	0.0	-35.6	-38.5	24

1	1.1	-0.1	-18.8	-24.0	39
2	5.1	-0.1	33.1	-33.5	34

1	0.9	-0.1	-14.0	-23.5	28
2	2.6	0.0	-72.7	-31.5	39
3	2.6	0.0	-47.2	-33.5	37
4	5.0	0.0	-1.4	-33.5	31
5	5.0	0.0	6.3	-34.5	30
6	5.0	0.0	54.0	-35.5	29

1	0.9	-0.1	-19.5	-25.5	26
2	0.9	-0.1	-30.1	-27.5	24
3	2.7	0.0	-72.7	-31.0	39
4	6.6	-0.1	-35.0	-39.5	22

1	1.0	-0.1	-15.4	-20.5	41
2	1.0	-0.1	36.7	-21.5	40
3	1.0	-0.1	31.6	-23.5	38
4	4.8	0.0	48.3	-34.0	32

1	0.9	-0.1	-69.9	-20.0	32
2	0.9	-0.1	-16.4	-22.0	30
3	4.8	0.0	-28.1	-32.0	35

1	0.9	-0.1	-12.5	-23.0	27
2	0.9	-0.1	-7.1	-25.0	25
3	2.6	-0.1	-73.9	-31.0	40
4	4.6	-0.1	-8.1	-32.5	34

1	0.9	-0.1	-16.4	-25.5	25
2	2.8	0.0	-37.3	-31.5	40
3	5.0	-0.1	32.6	-33.0	33
4	5.0	-0.1	26.8	-33.0	33

1	0.9	-0.1	-15.2	-22.5	30
2	4.9	-0.1	-33.0	-33.0	34
3	4.9	-0.1	-27.4	-33.0	34
4	4.9	-0.1	-17.7	-35.0	32

1	0.9	-0.1	-14.6	-20.5	30
2	4.7	-0.1	26.7	-34.0	31

1	0.9	-0.1	-14.8	-19.5	31
2	4.7	0.0	-33.4	-34.5	30
3	4.7	0.0	26.6	-36.5	28

1	0.9	-0.1	-14.8	-20.5	31
2	4.7	-0.1	-28.0	-32.0	36
3	6.5	-0.1	-35.0	-38.5	24

1	1.0	-0.1	-12.8	-21.0	39
2	4.8	-0.1	-28.4	-32.0	34

1	0.9	-0.1	-12.7	-18.5	33
2	4.8	0.0	-29.6	-33.5	33
3	9.3	-0.1	-29.5	-47.0	15

1	0.8	-0.1	-13.1	-18.0	34
2	4.8	-0.1	-29.2	-32.0	32
3	7.8	-0.1	-14.6	-42.5	21

1	0.9	-0.1	-12.9	-18.0	32
2	5.1	-0.1	-29.3	-33.5	30
3	5.1	-0.1	5.4	-35.5	28

1	0.9	-0.1	-12.4	-18.5	32
2	4.8	0.0	5.5	-34.5	32

1	0.9	-0.1	-13.8	-18.0	33
2	4.7	-0.1	-40.3	-32.5	35
3	6.7	0.0	-35.8	-37.5	26

1	0.9	-0.1	-13.4	-18.0	33
2	4.8	0.0	-30.7	-31.0	34

1	0.9	-0.1	-14.5	-18.5	32
2	5.0	0.0	-30.5	-31.5	35

1	0.9	-0.1	-13.5	-18.5	34
2	5.1	0.0	-29.9	-33.5	31

1	0.9	-0.1	-12.9	-19.5	31
2	5.1	0.0	-29.6	-35.0	30
3	6.6	0.0	-34.5	-37.5	26

1	0.9	-0.1	-12.9	-20.0	30
2	5.3	0.0	6.7	-34.5	33

1	5.3	0.0	-4.6	-33.5	30
2	5.3	0.0	6.6	-35.5	28

1	0.8	0.0	-14.2	-17.0	34
2	5.2	0.0	-30.1	-34.0	29
3	5.2	0.0	-24.5	-36.0	27

1	0.8	0.0	-14.6	-17.5	34
2	4.6	0.0	-29.5	-33.0	33

1	0.9	0.0	-17.6	-18.0	33
2	4.7	0.0	6.5	-33.0	33

1	0.9	0.0	-13.3	-20.0	30

1	1.0	0.0	-12.9	-20.0	42
2	1.0	0.0	-17.8	-21.0	41
3	4.6	0.0	-29.0	-33.5	32

1	0.9	0.0	-12.6	-22.0	30
2	4.2	0.0	-41.9	-32.0	35
3	4.2	0.0	-0.3	-34.0	33

1	0.9	0.0	-12.1	-21.5	29
2	3.4	-0.1	32.4	-33.0	35
3	3.4	-0.1	26.9	-35.0	33
4	3.4	-0.1	21.3	-37.0	31

1	0.9	0.0	-71.3	-21.5	29
2	3.9	0.0	-41.8	-33.0	34
3	3.9	0.0	36.4	-35.0	32
4	5.4	-0.1	8.9	-34.0	32
5	5.4	-0.1	-55.0	-36.0	30

1	0.9	0.0	-11.0	-21.0	30
2	4.0	0.0	25.8	-32.0	35
3	4.0	0.0	-45.8	-33.0	34
4	4.0	0.0	48.7	-35.0	32

1	1.0	0.0	-10.6	-20.0	42
2	3.9	0.0	-0.2	-32.5	35

1	0.9	0.0	-8.9	-21.5	30
2	4.5	-0.1	-33.6	-34.0	34
3	4.5	-0.1	-28.4	-36.0	32
4	4.5	-0.1	50.8	-38.0	30

1	0.9	0.0	-18.6	-22.5	30
2	2.4	0.0	26.1	-32.0	38
3	2.4	0.0	18.0	-33.0	37
4	2.4	0.0	-19.0	-35.0	35
5	4.7	0.0	-2.9	-34.0	30
6	4.7	0.0	12.0	-36.0	28

1	0.9	0.0	35.3	-24.5	25
2	2.6	0.0	26.5	-31.5	39
3	4.8	0.0	-40.5	-33.0	33
4	4.8	0.0	-27.7	-34.0	32
5	4.8	0.0	-33.3	-36.0	30

1	1.0	0.0	42.9	-24.5	38
2	1.0	0.0	-19.5	-25.5	37
3	5.1	0.0	-1.3	-33.0	32

1	0.9	0.0	-14.9	-23.5	29
2	4.0	0.0	6.6	-33.0	36
3	4.0	0.0	-22.4	-35.0	34

1	1.0	0.0	-15.3	-23.5	37
2	4.9	0.0	-3.1	-33.5	32
3	4.9	0.0	1.8	-35.5	30

1	0.9	0.0	-14.1	-22.0	29
2	4.9	0.0	-46.9	-33.5	34

1	0.9	0.0	-14.0	-23.5	28
2	0.9	0.0	-19.3	-25.5	26
3	4.8	0.0	-3.0	-31.5	35
4	4.8	0.0	11.1	-33.5	33
5	4.8	0.0	-29.3	-35.5	31

1	0.9	0.0	-33.2	-22.0	28
2	4.8	0.0	-28.5	-32.0	34
3	4.8	0.0	11.4	-33.0	33

1	0.9	0.0	-13.5	-22.5	29
2	4.8	0.0	46.1	-33.0	32
3	4.8	0.0	7.0	-33.0	32

1	1.0	0.0	-63.9	-21.5	39
2	5.2	0.0	-2.9	-35.5	28

1	0.9	0.0	-13.3	-21.5	29
2	5.5	0.0	7.1	-34.0	31

1	0.9	0.0	-13.6	-19.5	30
2	4.9	0.0	-2.3	-33.0	33
3	4.9	0.0	11.5	-35.0	31
4	4.9	0.0	7.2	-37.0	29

1	0.9	0.0	-14.3	-21.5	31
2	4.6	0.0	-27.0	-34.0	30

1	0.9	0.0	-15.8	-20.0	30
2	3.9	0.0	4.6	-32.0	36

1	1.0	0.0	-17.4	-20.0	42
2	4.6	0.0	-27.4	-32.0	35

1	1.0	0.0	-17.4	-20.5	42
2	4.5	0.0	-26.9	-32.0	35
3	4.5	0.0	-20.4	-34.0	33

1	0.9	0.0	-17.1	-22.5	29
2	2.6	0.0	26.5	-30.5	39
3	4.9	0.0	-33.6	-34.0	33
4	4.9	0.0	33.9	-36.0	31
5	4.9	0.0	27.7	-38.0	29

1	0.8	0.0	-14.9	-23.0	28
2	2.5	0.0	-39.7	-29.0	41
3	5.1	0.0	33.5	-32.0	34

1	1.0	0.0	-57.3	-25.5	38
2	2.7	0.0	-39.9	-29.5	40
3	5.2	0.0	-57.3	-33.0	31

1	0.9	0.0	-14.0	-23.0	28
2	4.8	0.0	-13.9	-34.0	33
3	4.8	0.0	12.0	-36.0	31

1	0.9	0.0	-12.9	-20.5	29
2	5.0	0.0	-1.0	-32.5	34
3	5.0	0.0	74.5	-33.5	33

1	1.0	0.0	-12.3	-20.0	43
2	5.4	0.0	-2.0	-33.5	31
3	9.4	0.0	-27.3	-46.5	14

1	0.9	0.0	-10.6	-18.0	33
2	5.4	0.0	-2.0	-31.5	32

1	1.0	0.0	-19.0	-21.0	40
2	4.0	0.0	-26.8	-34.5	33
3	4.0	0.0	33.3	-34.5	33
4	4.0	0.0	27.9	-36.5	31
5	5.4	0.0	-2.4	-33.5	34

1	0.9	0.0	-13.7	-21.0	31
2	0.9	0.0	-8.1	-23.0	29
3	5.2	0.0	-1.1	-29.5	36

1	0.9	0.0	-13.2	-21.0	29
2	4.5	0.0	6.8	-33.5	33
3	4.5	0.0	-33.5	-35.5	31

1	1.0	0.0	-9.5	-22.0	40
2	4.1	0.0	-2.3	-34.5	33
3	5.1	0.0	-0.4	-35.0	30

1	1.0	0.0	-9.2	-21.5	43
2	4.7	0.0	-33.4	-33.5	31
3	4.7	0.0	-27.9	-34.5	30

1	0.9	0.0	-8.7	-22.5	29
2	5.2	0.0	-2.0	-34.0	31
3	9.6	0.0	23.0	-49.5	15

1	0.9	0.0	-8.7	-24.0	27
2	4.0	0.0	-18.5	-33.0	34
3	4.0	0.0	-12.7	-35.0	32

1	1.0	0.0	-13.8	-24.5	38
2	2.4	0.0	20.0	-31.5	37
3	3.9	0.0	-19.7	-33.5	34
4	13.8	0.0	23.5	-48.5	13

1	0.9	0.0	42.2	-25.0	26
2	4.8	0.0	-0.2	-33.5	35
3	4.8	0.0	7.0	-35.5	33
4	9.4	0.0	61.7	-47.5	15
5	9.4	0.0	-39.6	-48.5	14
6	13.9	0.0	23.4	-49.5	13

1	0.9	0.0	-8.6	-26.0	26
2	2.6	0.0	-38.4	-32.5	38
3	2.6	0.0	-29.5	-34.5	36
4	5.2	0.0	-34.6	-31.5	32

1	0.9	0.0	-8.3	-27.5	25
2	2.8	0.0	50.1	-33.5	37
3	5.4	0.0	-29.2	-32.0	34

1	1.0	0.0	41.0	-30.0	36
2	2.8	0.0	50.5	-33.0	38
3	5.3	0.0	15.8	-32.5	33

1	1.1	0.0	-13.6	-29.0	36
2	2.7	0.0	31.1	-33.0	37
3	2.7	0.0	-38.7	-34.0	36
4	5.4	0.0	-28.6	-32.0	32

1	1.2	0.0	-13.1	-27.5	37
2	2.6	0.0	-51.9	-32.0	39
3	5.4	0.0	-28.5	-30.0	32

1	1.1	0.0	-13.0	-27.0	38
2	2.5	0.0	-2.2	-31.0	39
3	5.3	0.0	-28.5	-30.0	35
4	5.3	0.0	10.7	-32.0	33

1	1.0	-0.1	-12.8	-28.0	37
2	2.6	0.0	-37.4	-31.5	38
3	5.4	0.0	15.8	-30.5	34

1	0.9	-0.1	-13.0	-27.0	25
2	2.6	0.0	-2.0	-30.0	39
3	5.4	0.0	16.0	-32.5	31

1	0.9	-0.1	-13.1	-26.5	24
2	5.4	0.0	15.9	-31.5	34

1	1.2	-0.1	-56.3	-27.5	37
2	1.2	-0.1	-18.7	-28.5	36
3	2.5	0.0	-37.5	-30.5	39
4	5.3	0.0	-28.7	-30.0	35

1	0.9	-0.1	-12.8	-26.5	25
2	0.9	-0.1	-18.1	-28.5	23
3	5.4	0.0	-28.7	-30.5	33

1	1.2	-0.1	37.5	-27.0	39
2	1.2	-0.1	7.2	-29.0	37
3	2.4	0.0	-2.1	-31.0	38
4	5.4	0.0	16.5	-29.5	34
5	5.4	0.0	-64.2	-31.5	32

1	2.6	-0.1	-1.7	-30.0	38
2	5.4	0.0	16.2	-32.0	32

1	1.1	-0.1	-17.4	-28.0	37
2	1.1	-0.1	-11.7	-30.0	35
3	2.4	0.0	-2.1	-30.0	39
4	5.6	0.0	-28.9	-31.0	33

1	1.2	-0.1	-52.4	-27.5	36
2	1.2	-0.1	-17.6	-27.5	36
3	2.4	0.0	-2.0	-30.0	38
4	5.4	0.0	-29.0	-30.0	34

1	0.9	-0.1	-53.1	-29.0	22
2	0.9	-0.1	-39.3	-29.0	22
3	2.5	0.0	-2.1	-29.5	38
4	5.6	0.0	-28.6	-31.5	34

1	0.9	-0.1	-14.1	-28.0	25
2	0.9	-0.1	-19.1	-30.0	23
3	2.4	0.0	-2.3	-29.5	38
4	5.4	0.0	16.0	-30.5	35

1	1.2	-0.1	-14.3	-27.5	36
2	2.4	0.0	-2.1	-29.5	37
3	5.5	0.0	15.5	-30.0	34

1	0.9	-0.1	-14.9	-27.5	24
2	5.5	0.0	15.0	-30.5	35

1	1.1	-0.1	-14.4	-27.0	38
2	2.4	0.0	-2.4	-29.5	37
3	5.5	0.0	-28.9	-31.0	33

1	0.9	-0.1	-15.3	-27.0	24
2	0.9	-0.1	48.8	-29.0	22
3	5.4	0.0	15.5	-31.0	33

1	0.9	-0.1	-40.7	-28.0	23
2	2.5	0.0	-38.6	-29.5	38
3	5.4	0.0	16.1	-31.0	32
4	5.4	0.0	20.8	-31.0	32
5	5.4	0.0	-58.7	-33.0	30

1	1.2	-0.1	-8.5	-28.0	36
2	2.5	0.0	-2.2	-29.0	37
3	5.4	0.0	15.8	-31.0	33
4	5.4	0.0	20.7	-33.0	31

1	1.1	-0.1	-18.8	-28.5	35
2	2.4	0.0	-2.2	-30.0	38
3	5.4	0.0	15.7	-31.5	34
4	13.8	0.0	4.5	-48.5	13

1	0.9	0.0	-19.2	-29.5	21
2	2.6	0.0	-2.3	-28.5	37
3	5.4	0.0	15.5	-32.5	32

1	0.8	0.0	-20.3	-29.0	23
2	2.5	0.0	-38.9	-29.0	38
3	5.2	0.0	15.4	-31.5	32

1	0.8	0.0	-20.4	-29.0	22
2	2.5	0.0	-2.5	-28.5	38
3	5.3	0.0	15.0	-31.0	35

1	0.9	0.0	66.0	-30.0	21
2	0.9	0.0	43.5	-30.0	21
3	0.9	0.0	14.9	-32.0	19
4	2.5	0.0	-2.5	-28.5	38
5	5.4	0.0	14.6	-30.5	34

1	2.4	0.0	-2.7	-28.5	39
2	5.3	0.0	-9.2	-31.0	33
3	5.3	0.0	-19.0	-33.0	31

1	2.4	0.0	-2.7	-28.0	39
2	5.4	0.0	15.4	-31.0	34

1	2.2	0.0	-2.4	-28.5	41
2	5.4	0.0	15.5	-30.5	35

1	2.3	0.0	-2.2	-29.0	41
2	5.4	0.0	15.7	-31.5	34

1	2.1	0.0	-1.5	-30.0	41
2	5.4	0.0	-28.5	-30.0	35

1	0.9	-0.1	-19.2	-31.5	19
2	2.2	0.0	-0.9	-30.5	43
3	5.4	0.0	16.1	-30.0	36

1	2.5	0.0	-1.1	-29.5	39
2	5.5	0.0	16.2	-32.0	33

1	0.9	-0.1	-19.3	-29.0	22
2	2.4	0.0	-1.4	-28.0	43
3	5.3	0.0	-28.5	-28.5	36

1	0.7	-0.1	-9.7	-30.5	21
2	2.5	0.0	-1.5	-26.5	42
3	5.4	0.0	15.9	-30.5	34

1	2.4	0.0	-1.5	-26.0	41
2	5.4	0.0	-28.6	-28.0	36

1	2.4	0.0	-1.6	-24.5	42
2	5.4	0.0	-28.3	-28.5	36

1	0.9	-0.1	-13.2	-26.0	25
2	2.4	0.0	-1.7	-23.0	42
3	5.4	0.0	-28.7	-30.5	35

1	2.4	0.0	-1.6	-22.0	42
2	5.4	0.0	-27.9	-29.0	37

1	2.4	0.0	-1.6	-21.0	42
2	5.4	0.0	-27.8	-31.0	32
3	8.0	0.0	-4.2	-42.5	19

1	2.4	0.0	-1.7	-21.0	41
2	5.4	0.0	-27.9	-30.0	33

1	2.5	0.0	-1.7	-20.5	41
2	5.4	0.0	-28.2	-30.5	34

1	0.9	0.0	-54.9	-27.0	24
2	0.9	0.0	-40.5	-29.0	22
3	2.4	0.0	-1.7	-20.5	41
4	5.5	0.0	-6.9	-30.5	33
5	5.5	0.0	24.9	-31.5	32
6	5.5	0.0	44.6	-32.5	31

1	2.4	0.0	-1.7	-20.5	42
2	5.4	0.0	16.3	-32.5	32

1	0.9	0.0	-33.5	-24.5	27
2	0.9	0.0	-21.0	-26.5	25
3	2.4	0.0	-1.7	-20.5	41
4	5.4	0.0	-29.8	-31.5	32
5	5.4	0.0	-1.8	-31.5	32

1	2.4	0.0	-1.9	-20.0	42
2	5.5	0.0	-53.2	-32.0	34

1	2.4	0.0	-1.8	-20.0	42
2	5.2	0.0	-27.2	-32.0	32
3	5.2	0.0	3.7	-34.0	30
4	7.9	0.0	4.9	-43.5	19
5	7.9	0.0	-47.8	-45.5	17
6	7.9	0.0	15.1	-47.5	15

1	0.9	0.0	-13.8	-29.5	23
2	0.9	0.0	-19.0	-31.5	21
3	2.5	0.0	-1.8	-20.0	42
4	5.4	0.0	39.0	-32.5	30

1	2.4	0.0	-1.8	-20.0	42
2	5.5	0.0	-66.0	-31.0	31

1	2.4	0.0	-1.8	-20.0	42
2	5.5	0.0	4.3	-31.5	31
3	8.0	0.0	49.7	-42.0	20
4	8.0	0.0	-4.4	-43.0	19

1	2.4	0.0	-1.8	-20.0	42
2	5.4	0.0	-6.8	-32.0	31
3	5.4	0.0	-55.2	-33.0	30
4	8.2	0.0	4.1	-42.5	20
5	8.2	0.0	-9.1	-43.5	19
6	8.2	0.0	-4.1	-44.5	18

1	2.4	0.0	-1.8	-20.0	42
2	5.4	0.0	39.1	-32.5	32

1	2.4	0.0	-1.8	-20.0	42
2	5.3	0.0	39.1	-33.0	31

1	2.4	0.0	-1.8	-19.5	42
2	5.2	0.0	-7.3	-33.0	31
3	7.9	0.0	5.7	-41.5	19

1	2.4	0.0	-1.8	-19.5	42
2	5.4	0.0	-7.2	-33.0	32
3	8.0	0.0	5.9	-42.0	22

1	2.4	0.0	-1.8	-19.0	42
2	5.4	0.0	-7.1	-32.5	31
3	8.1	0.0	6.0	-41.5	20

1	2.4	0.0	-1.8	-19.5	42
2	5.3	0.0	-7.2	-32.0	34
3	8.1	0.0	5.7	-41.5	20

1	2.4	0.0	-1.8	-19.0	41
2	5.2	0.0	-7.5	-31.5	32
3	5.2	0.0	-2.0	-31.5	32
4	8.0	0.0	5.5	-42.0	21

1	2.4	0.0	-1.9	-19.0	42
2	5.2	0.0	-27.3	-31.5	33

1	2.4	0.0	-1.8	-19.5	42
2	5.2	0.0	-27.5	-31.5	34
3	7.9	0.0	2.7	-41.5	21
4	7.9	0.0	-33.5	-43.5	19
5	7.9	0.0	-4.0	-45.5	17

1	2.4	0.0	-1.8	-19.5	42
2	5.3	0.0	-28.6	-31.5	34
3	7.9	0.0	1.5	-42.0	19
4	7.9	0.0	-3.9	-42.0	19

1	2.4	0.0	-1.8	-19.5	42
2	5.4	0.0	-42.3	-31.5	33

1	2.4	0.0	-1.7	-19.5	41
2	5.3	0.0	-42.4	-32.0	32

1	2.4	0.0	-1.7	-20.0	42
2	5.3	0.0	-42.4	-32.0	33

1	2.4	0.0	-1.7	-19.5	42
2	5.3	0.0	39.4	-32.0	33
3	5.3	0.0	-53.4	-34.0	31

1	2.4	0.0	-1.8	-19.5	42
2	5.3	0.0	39.7	-32.5	33
3	5.3	0.0	-53.3	-33.5	32
4	7.9	0.0	5.4	-42.5	19
5	14.7	-69.5	-3.1	-49.5	13

1	2.4	0.0	-1.8	-19.5	42
2	5.4	0.0	-27.6	-33.0	30
3	8.0	0.0	24.6	-42.5	19
4	8.0	0.0	68.9	-44.5	17

1	2.4	0.0	-1.7	-19.5	41
2	5.5	0.0	-31.0	-32.5	32

1	2.4	0.0	-1.6	-19.5	41
2	5.5	0.0	-1.5	-32.5	32

1	2.4	0.0	-1.6	-19.5	42
2	5.5	0.0	-1.4	-31.0	34

1	2.4	0.0	-1.6	-20.0	42
2	5.5	0.0	16.2	-30.5	35

1	2.4	0.0	-1.6	-20.0	42
2	5.4	0.0	16.5	-31.0	34

1	2.4	0.0	-1.6	-19.5	42
2	5.3	0.0	-28.5	-31.5	34

1	2.4	0.0	-1.6	-19.5	42
2	5.4	0.0	-29.9	-31.0	33
3	5.4	0.0	-2.1	-33.0	31

1	2.4	0.0	-1.6	-20.0	43
2	5.4	0.0	-30.5	-31.5	33
3	5.4	0.0	-2.2	-32.5	32

1	2.4	0.0	-1.6	-20.0	43
2	5.5	0.0	-29.4	-32.0	33
3	5.5	0.0	-2.5	-34.0	31

1	2.5	0.0	-1.6	-20.0	43
2	5.4	0.0	-28.5	-31.5	32

1	2.5	0.0	-1.6	-20.5	43
2	5.4	0.0	-28.9	-31.5	33

1	2.5	0.0	-1.6	-21.0	43
2	5.4	0.0	16.3	-31.0	33

1	2.4	0.0	-1.7	-21.5	43
2	5.5	0.0	16.1	-31.0	34

1	2.4	0.0	-1.8	-21.5	43
2	5.6	0.0	-65.7	-30.5	33

1	2.4	0.0	-1.8	-22.0	43
2	5.5	0.0	-28.8	-30.0	34

1	2.4	0.0	-2.0	-22.0	43
2	5.5	0.0	-28.8	-29.5	35

1	2.4	0.0	-2.1	-22.0	43
2	5.4	0.0	-54.9	-29.5	35

1	2.4	0.0	-2.1	-22.5	43
2	5.4	0.0	-2.1	-29.5	33
3	5.4	0.0	-29.7	-30.5	32

1	2.4	0.0	-2.1	-22.5	43
2	5.5	0.0	-29.3	-29.5	33

1	2.4	0.0	-2.1	-22.5	43
2	5.4	0.0	-7.9	-31.0	34

1	2.4	0.0	-2.1	-22.0	43
2	5.5	0.0	16.3	-30.5	34

1	2.3	0.0	-2.0	-22.0	43
2	5.5	0.0	16.2	-29.5	34

1	2.4	0.0	-2.1	-22.0	42
2	5.4	0.0	-8.1	-30.0	35
3	14.1	-39.7	3.7	-50.0	13

1	2.4	0.0	-2.1	-21.5	43
2	5.4	0.0	-27.8	-30.0	34

1	2.5	0.0	-2.0	-21.5	42
2	5.5	0.0	16.3	-31.0	34

1	2.4	0.0	-2.0	-21.0	43
2	5.4	0.0	10.2	-30.5	32
3	5.4	0.0	-2.8	-32.5	30

1	2.4	0.0	-1.9	-21.0	42
2	5.6	0.0	-2.3	-31.5	35
3	5.6	0.0	39.9	-32.5	34
4	8.3	0.0	6.6	-44.5	18
5	8.3	0.0	14.1	-46.5	16

1	2.4	0.0	-1.9	-20.5	43
2	5.6	0.0	-63.7	-30.5	35
3	5.6	0.0	25.7	-32.5	33

1	2.4	0.0	-1.9	-20.5	42
2	5.5	0.0	-64.9	-31.0	33
3	5.5	0.0	23.8	-33.0	31
4	5.5	0.0	39.5	-35.0	29

1	2.4	0.0	-2.0	-20.0	42
2	5.5	0.0	-42.4	-31.0	32
3	5.5	0.0	-7.4	-32.0	31
4	8.1	0.0	5.3	-42.5	20

1	2.4	0.0	-1.9	-19.5	42
2	5.5	0.0	-7.4	-32.0	32
3	8.0	0.0	-4.0	-42.5	19

1	2.4	0.0	-1.9	-19.0	42
2	5.5	0.0	-7.3	-31.5	34
3	5.5	0.0	-23.3	-33.5	32
4	8.1	0.0	5.8	-41.5	20
5	8.1	0.0	15.0	-43.5	18

1	2.4	0.0	-1.9	-18.5	42
2	5.5	0.0	-42.5	-31.5	35
3	5.5	0.0	-7.3	-32.5	34
4	5.5	0.0	-2.2	-34.5	32
5	8.1	0.0	5.3	-41.0	22
6	8.1	0.0	-31.3	-41.0	22

1	2.4	0.0	-2.0	-18.0	42
2	5.5	0.0	-7.1	-31.0	34
3	5.5	0.0	-1.9	-33.0	32

1	2.4	0.0	-2.0	-18.0	42
2	5.4	0.0	-7.2	-31.0	35

1	2.4	0.0	-2.0	-18.0	42
2	5.5	0.0	-7.3	-31.0	34

1	2.4	0.0	-2.0	-18.0	42
2	5.4	0.0	-20.5	-31.0	33
3	7.9	0.0	-4.1	-43.0	20
4	7.9	0.0	0.5	-45.0	18

1	2.4	0.0	-1.9	-18.0	42
2	5.4	0.0	-7.4	-31.0	34
3	5.4	0.0	-21.5	-33.0	32

1	2.4	0.0	-1.9	-18.0	42
2	5.5	0.0	-7.5	-31.0	35
3	5.5	0.0	-2.5	-32.0	34

1	2.5	0.0	-2.0	-18.0	42
2	5.4	0.0	-20.4	-31.5	35
3	8.0	0.0	-3.8	-42.0	21

1	2.5	0.0	-2.0	-17.5	42
2	5.4	0.0	-31.9	-32.0	31
3	5.4	0.0	16.6	-33.0	30
4	5.4	0.0	5.2	-35.0	28

1	2.5	0.0	-1.9	-18.0	43
2	5.4	0.0	-31.5	-31.5	31
3	5.4	0.0	16.7	-32.5	30
4	5.4	0.0	4.9	-34.5	28
5	8.0	0.0	-4.0	-41.5	21

1	2.4	0.0	-1.8	-18.5	42
2	5.6	0.0	-64.6	-32.0	33

1	2.4	0.0	-1.8	-19.5	42
2	5.4	0.0	-65.5	-32.5	33

1	2.5	0.0	-2.0	-20.5	42
2	5.4	0.0	-64.6	-32.0	31

1	2.5	0.0	-2.0	-21.0	42
2	5.6	0.0	-6.8	-32.0	32

1	2.5	0.0	-1.9	-21.5	42
2	5.5	0.0	-7.0	-32.0	32

1	2.4	0.0	-2.0	-21.5	42
2	5.5	0.0	39.1	-32.0	33
3	5.5	0.0	-43.6	-33.0	32
4	13.9	0.0	56.9	-50.0	13

1	2.5	0.0	-1.6	-22.0	41
2	5.6	0.0	51.0	-32.5	32

1	2.4	0.0	-1.5	-23.0	41
2	5.4	0.0	-27.5	-30.5	32

1	0.9	0.0	-10.4	-32.5	19
2	2.5	0.0	-1.5	-23.5	41
3	5.6	0.0	39.1	-32.0	33
4	5.6	0.0	-1.4	-34.0	31

1	0.8	0.0	-9.8	-33.0	18
2	2.5	0.0	-1.8	-24.5	41
3	5.5	0.0	-54.6	-32.5	32
4	5.5	0.0	39.1	-34.5	30

1	2.5	0.0	-2.2	-25.0	42
2	5.5	0.0	-0.9	-31.0	35

1	2.4	0.0	-1.8	-26.5	41
2	5.4	0.0	-1.2	-30.0	34

1	0.8	0.0	-11.5	-26.5	24
2	0.8	0.0	-16.7	-28.5	22
3	2.5	0.0	-1.8	-26.5	42
4	5.4	0.0	-1.2	-30.5	32

1	1.2	0.0	-12.4	-25.0	41
2	2.4	0.0	-1.7	-26.5	41
3	5.4	0.0	-27.4	-31.0	33

1	0.9	0.0	-12.1	-24.0	26
2	5.4	0.0	-8.1	-30.5	33
3	8.1	0.0	-4.6	-42.0	20

1	1.3	0.0	46.0	-24.5	40
2	5.4	0.0	-64.1	-30.0	33
3	8.1	-0.1	-4.2	-42.5	20

1	1.6	0.0	6.5	-24.5	41
2	5.4	0.0	-1.6	-31.0	34

1	0.9	0.0	-10.4	-29.0	22
2	0.9	0.0	-15.4	-31.0	20
3	2.5	0.0	-1.6	-26.0	41
4	5.4	0.0	16.4	-30.0	33

1	0.9	0.0	-70.4	-30.5	21
2	2.5	0.0	-1.5	-26.0	40
3	5.4	0.0	-53.8	-29.0	35

1	0.9	0.0	-18.2	-27.0	25
2	2.4	0.0	-1.7	-26.0	41
3	5.5	0.0	-8.1	-29.0	35
4	5.5	0.0	-55.7	-30.0	34

1	2.4	0.0	-1.7	-25.5	42
2	5.4	0.0	-54.6	-29.5	34
3	5.4	0.0	-7.5	-31.5	32

1	2.4	0.0	-1.8	-24.5	42
2	5.4	0.0	-7.2	-29.5	34

1	2.3	0.0	-1.7	-24.0	43
2	5.4	0.0	-7.3	-30.0	33

1	2.4	0.0	-2.0	-23.0	43
2	5.6	0.0	-27.9	-31.0	32

1	2.4	0.0	-2.0	-22.5	43
2	5.4	0.0	-7.5	-30.5	35
3	5.4	0.0	-22.9	-32.5	33

1	0.9	-0.1	-12.2	-22.5	30
2	2.4	0.0	-1.9	-22.0	43
3	5.5	0.0	-7.3	-30.0	35

1	0.9	-0.1	-11.8	-23.0	28
2	2.4	0.0	-1.9	-21.5	42
3	5.5	0.0	-28.4	-29.0	35

1	2.4	0.0	-1.8	-21.0	43
2	5.5	0.0	-28.5	-29.5	34

1	0.9	-0.1	-11.7	-23.5	29
2	2.5	0.0	-1.8	-20.5	43
3	5.5	0.0	16.3	-30.5	32

1	2.4	0.0	-2.0	-20.5	42
2	5.5	0.0	16.0	-31.0	32

1	2.4	0.0	-2.0	-20.5	43
2	5.5	0.0	-8.4	-30.5	33

1	2.4	0.0	-2.0	-21.5	43
2	5.4	0.0	-29.3	-30.5	35

1	2.4	0.0	-2.0	-21.0	42
2	5.5	0.0	-28.7	-31.5	34

1	0.9	0.0	-13.2	-25.0	26
2	2.4	0.0	-2.0	-21.0	43
3	5.4	0.0	57.2	-30.5	33
4	5.4	0.0	-55.5	-31.5	32
5	5.4	0.0	-8.8	-33.5	30

1	0.9	0.0	-13.1	-24.0	29
2	2.5	0.0	-2.0	-20.5	43
3	5.5	0.0	-62.9	-30.5	35

1	2.4	0.0	-1.9	-20.5	43
2	5.5	0.0	-27.1	-31.0	32

1	2.4	0.0	-1.9	-20.0	44
2	5.5	0.0	-1.5	-31.0	34

1	0.9	0.0	-13.5	-23.5	29
2	2.5	0.0	-1.9	-19.5	43
3	5.5	0.0	55.4	-30.5	33

1	2.4	0.0	-1.8	-20.0	44
2	5.5	0.0	-0.9	-31.0	35

1	2.5	0.0	-1.8	-19.5	43
2	5.5	0.0	25.1	-30.5	33
3	5.5	0.0	-7.0	-31.5	32
4	5.5	0.0	-22.4	-33.5	30

1	2.4	0.0	-1.8	-19.5	43
2	5.5	0.0	-28.1	-32.5	32

1	2.4	0.0	-1.8	-19.5	43
2	5.5	0.0	4.5	-31.5	33
3	5.5	0.0	10.9	-33.5	31

1	2.4	0.0	-1.8	-19.5	42
2	5.5	0.0	-28.3	-31.0	33

1	2.5	0.0	-1.8	-21.0	43
2	5.5	0.0	16.2	-31.0	34
3	5.5	0.0	63.1	-33.0	32

1	0.9	0.0	-71.7	-26.5	24
2	2.5	0.0	-1.7	-22.0	42
3	5.6	0.0	-28.9	-31.0	33
4	5.6	0.0	-0.9	-32.0	32

1	2.5	0.0	-2.1	-22.0	42
2	5.4	0.0	-53.0	-30.0	34

1	2.5	0.0	-2.1	-21.5	43
2	5.4	0.0	16.6	-30.0	34

1	0.9	0.0	-12.9	-28.0	23
2	2.5	0.0	-1.9	-21.5	42
3	5.4	0.0	-53.6	-29.0	33

1	2.5	0.0	-1.8	-21.5	43
2	5.5	0.0	-7.6	-30.5	34
3	5.5	0.0	-53.5	-31.5	33

1	2.5	0.0	-1.8	-21.5	42
2	5.4	0.0	-6.9	-29.5	36
3	5.4	0.0	-0.9	-31.5	34

1	2.5	0.0	-1.8	-22.0	42
2	5.2	0.0	16.5	-31.0	35

1	2.5	0.0	-1.8	-22.0	42
2	5.5	0.0	-28.1	-29.5	35

1	2.6	0.0	-2.1	-23.0	41
2	5.6	0.0	-27.6	-30.0	33

1	2.6	0.0	-2.3	-23.5	42
2	5.5	0.0	-27.2	-29.5	34

1	2.6	0.0	-2.1	-23.5	41
2	5.4	0.0	-27.0	-29.0	36

1	2.5	0.0	-2.1	-23.5	41
2	5.3	0.0	-1.5	-28.5	34

1	2.5	0.0	-2.3	-23.0	42
2	5.2	0.0	16.3	-29.5	36

1	2.5	0.0	-1.7	-22.5	41
2	5.5	0.0	-27.8	-30.0	34

1	0.9	0.0	-12.8	-28.0	24
2	2.5	0.0	-1.6	-22.5	41
3	5.4	0.0	-27.5	-29.5	35

1	2.5	0.0	-2.1	-22.5	41
2	5.5	0.0	16.3	-29.5	34

1	2.4	0.0	-1.9	-23.0	41
2	5.5	0.0	16.1	-31.0	33

1	2.4	0.0	-1.8	-23.0	42
2	5.6	0.0	-26.6	-31.0	33

1	2.5	0.0	-2.1	-22.5	41
2	5.5	0.0	16.6	-30.5	33

1	2.5	0.0	-2.0	-22.0	42
2	5.5	0.0	-27.9	-30.5	34

1	2.4	0.0	-1.9	-22.0	42
2	5.4	0.0	-27.7	-30.5	35
3	8.2	0.0	26.0	-42.5	19
4	8.2	0.0	-9.8	-44.5	17

1	2.4	0.0	-2.0	-22.0	41
2	5.4	0.0	-27.0	-31.5	34
3	8.0	0.0	4.1	-42.0	19

1	2.5	0.0	-2.0	-22.0	41
2	5.4	0.0	39.5	-31.5	32

1	2.5	0.0	-2.0	-22.0	41
2	5.4	0.0	16.3	-31.5	32
3	5.4	0.0	-6.6	-33.5	30
4	13.9	-0.1	23.9	-49.5	13

1	2.4	0.0	-2.0	-22.0	41
2	5.5	0.0	16.2	-31.0	34
3	5.5	0.0	-7.0	-33.0	32

1	2.5	0.0	-2.0	-22.5	41
2	5.5	0.0	-2.4	-31.0	33

1	2.5	0.0	-2.0	-22.5	41
2	5.6	0.0	-2.2	-31.0	34
3	5.6	0.0	-27.7	-32.0	33
4	14.5	-39.7	24.8	-48.5	13

1	2.5	0.0	-2.0	-22.5	42
2	5.6	0.0	-27.9	-30.5	34
3	5.6	0.0	-2.1	-32.5	32

1	2.5	0.0	-2.0	-22.5	41
2	5.5	0.0	-28.1	-30.5	34
3	7.9	0.0	3.4	-41.5	22
4	7.9	0.0	-74.6	-42.5	21

1	2.5	0.0	-2.0	-22.5	41
2	5.4	0.0	-28.4	-30.0	34
3	7.9	0.0	24.3	-42.0	21

1	2.4	0.0	-1.9	-22.5	41
2	5.4	0.0	16.6	-30.0	34

1	2.4	0.0	-1.9	-22.5	41
2	5.4	0.0	16.7	-30.0	35
3	13.8	0.0	28.5	-50.0	13
4	13.8	0.0	4.6	-52.0	11

1	2.4	0.0	-1.9	-22.5	41
2	5.4	0.0	16.5	-30.0	34
3	7.8	0.0	24.4	-41.0	20

1	2.4	0.0	-1.9	-22.5	41
2	5.4	0.0	16.5	-30.0	34
3	7.9	0.0	24.6	-41.5	21

1	2.4	0.0	-1.9	-22.5	40
2	5.4	0.0	16.5	-30.0	35
3	8.0	0.0	24.5	-42.0	21

1	2.5	0.0	-1.9	-22.5	41
2	5.3	0.0	16.3	-31.0	34
3	8.1	0.0	25.0	-42.5	19

1	2.5	0.0	-1.9	-22.5	41
2	5.4	0.0	-54.0	-30.5	34

1	2.5	0.0	-1.9	-22.5	41
2	5.5	0.0	-27.5	-30.0	34

1	2.5	0.0	-1.8	-22.0	40
2	5.5	0.0	16.5	-30.5	33

1	2.4	0.0	-1.8	-22.0	41
2	5.4	0.0	16.5	-30.5	33

1	2.5	0.0	-1.8	-22.0	41
2	5.4	0.0	16.2	-31.0	33

1	2.4	0.0	-1.9	-22.0	41
2	5.4	0.0	-27.4	-30.0	35
3	7.8	0.0	25.1	-42.5	19

1	2.5	0.0	-1.9	-22.0	41
2	5.5	0.0	-27.5	-31.0	33
3	8.1	0.0	25.4	-43.0	20

1	2.5	0.0	-1.9	-21.5	41
2	5.6	0.0	-27.4	-31.5	34

1	2.5	0.0	-1.9	-21.5	42
2	5.1	0.0	-28.1	-32.0	33
3	5.1	0.0	-22.9	-34.0	31

1	2.5	0.0	-2.0	-21.5	41
2	5.2	0.0	16.4	-30.5	35

1	2.5	0.0	-2.0	-21.0	41
2	5.5	0.0	-27.2	-30.5	35

1	2.5	0.0	-1.9	-20.5	41
2	5.5	0.0	-27.5	-31.5	35
3	5.5	0.0	-2.0	-31.5	35

1	2.5	0.0	-2.0	-20.5	42
2	5.4	0.0	-27.3	-32.0	33

1	2.5	0.0	-1.9	-20.5	41
2	5.6	0.0	-27.5	-32.0	33

1	2.5	0.0	-1.9	-20.0	42
2	5.4	0.0	-1.2	-32.0	33

1	2.5	0.0	-1.9	-20.0	42
2	5.3	0.0	4.7	-32.5	32

1	2.5	0.0	-1.8	-20.0	42
2	5.2	0.0	16.3	-32.0	33

1	2.5	0.0	-1.9	-19.5	41
2	5.4	0.0	16.5	-32.5	32

1	2.5	0.0	-1.8	-19.5	42
2	5.2	0.0	16.5	-32.5	33
3	8.2	0.0	25.3	-42.5	19
4	8.2	0.0	-9.3	-44.5	17

1	2.5	0.0	-1.8	-19.5	42
2	5.2	0.0	-27.7	-32.5	31

1	2.5	0.0	-2.0	-20.0	41
2	5.5	0.0	-28.5	-32.5	33

1	2.5	0.0	-1.8	-20.0	42
2	5.4	0.0	-1.2	-31.5	34
3	5.4	0.0	-30.1	-33.5	32
4	7.9	0.0	24.8	-43.5	20

1	2.4	0.0	-1.9	-20.0	42
2	5.3	0.0	-27.3	-33.0	33

1	2.5	0.0	-1.9	-20.0	42
2	4.9	-0.1	-53.9	-32.5	35

1	2.4	0.0	-1.9	-20.0	42
2	5.4	0.0	-28.0	-31.5	33

1	2.5	0.0	-1.8	-20.5	42
2	5.4	0.0	-28.5	-31.0	33
3	5.4	0.0	-1.0	-31.0	33
4	8.1	0.0	25.3	-43.0	19

1	2.4	0.0	-1.9	-20.5	42
2	5.5	0.0	16.2	-32.0	34
3	5.5	0.0	-6.7	-34.0	32
4	7.9	0.0	25.2	-43.0	21

1	2.4	0.0	-1.9	-20.5	41
2	5.5	0.0	-27.6	-32.0	33
3	8.2	0.0	7.0	-43.5	20

1	2.4	0.0	-1.9	-21.0	42
2	5.5	0.0	-27.1	-32.5	32

1	2.4	0.0	-1.8	-21.0	41
2	5.6	0.0	-27.0	-32.5	31

1	2.4	0.0	-1.8	-21.5	42
2	5.5	0.0	16.5	-32.5	32

1	2.5	0.0	-1.7	-21.5	42
2	5.6	0.0	-28.0	-32.5	32

1	2.5	0.0	-1.7	-21.5	41
2	5.5	0.0	-27.8	-32.0	32

1	2.4	0.0	-1.7	-22.0	41
2	5.6	0.0	-28.1	-32.0	32

1	2.4	0.0	-1.7	-22.0	42
2	5.5	0.0	-27.8	-31.0	34

1	2.5	0.0	-1.7	-22.0	42
2	5.6	0.0	-28.0	-30.5	32

1	2.5	0.0	-1.7	-22.0	42
2	5.6	0.0	-28.6	-30.5	34

1	2.5	0.0	-1.7	-22.0	41
2	5.6	0.0	-28.1	-30.0	34

1	2.5	0.0	-1.7	-22.0	41
2	5.7	0.0	-28.1	-31.0	33

1	2.5	0.0	-1.6	-22.0	42
2	5.5	0.0	-28.1	-31.5	33

1	2.5	0.0	-1.6	-22.0	42
2	5.6	0.0	-28.5	-31.0	34

1	2.5	0.0	-1.7	-22.0	42
2	5.6	0.0	-28.0	-31.5	33

1	2.5	0.0	-1.7	-22.0	42
2	5.5	0.0	-28.0	-31.5	32

1	2.5	0.0	-1.6	-22.0	42
2	5.6	0.0	-27.4	-31.0	34

1	2.5	0.0	-1.6	-22.0	42
2	5.7	0.0	-27.7	-31.5	32

1	2.5	0.0	-1.6	-22.0	42
2	5.6	0.0	-28.1	-31.5	33

1	2.5	0.0	-1.6	-22.0	41
2	5.5	0.0	-28.0	-31.5	32
3	14.1	-23.9	7.8	-49.0	13

1	2.5	0.0	-1.5	-22.0	42
2	5.4	0.0	-27.3	-30.5	36

1	2.4	0.0	-1.6	-22.0	41
2	5.5	0.0	-28.0	-30.0	33

1	2.4	0.0	-1.6	-22.0	42
2	5.6	0.0	-28.5	-31.5	33

1	2.5	0.0	-1.6	-22.0	42
2	5.5	0.0	-28.2	-30.5	33

1	2.4	0.0	-1.6	-21.5	42
2	5.5	0.0	-27.9	-30.5	34

1	2.4	0.0	-1.6	-21.5	42
2	5.4	0.0	-28.3	-31.0	32

1	2.4	0.0	-1.6	-21.5	42
2	5.6	0.0	-28.1	-30.5	32

1	2.4	0.0	-1.6	-21.5	43
2	5.7	0.0	-29.3	-31.5	31

1	2.5	0.0	-1.6	-21.5	43
2	5.6	-0.1	-28.2	-30.0	35

1	2.4	0.0	-1.7	-22.5	43
2	5.7	0.0	-28.5	-31.0	34

1	2.4	0.0	-1.7	-22.5	44
2	5.6	0.0	-28.1	-30.5	34

1	2.4	0.0	-2.0	-22.0	42
2	5.7	0.0	-29.1	-32.5	33

1	2.3	0.0	-1.8	-22.5	43
2	5.6	0.0	-28.3	-31.5	33

1	2.4	0.0	-2.4	-23.5	42
2	5.6	0.0	-27.6	-31.5	33

1	2.3	0.0	-2.3	-24.0	41
2	5.5	0.0	-28.1	-30.5	35

1	0.9	0.0	-19.7	-26.0	26
2	2.4	0.0	-2.4	-24.5	40
3	5.4	0.0	-27.8	-30.0	34
4	9.4	-0.1	-33.3	-48.5	15
5	13.7	-0.1	4.0	-50.5	13

1	0.9	0.0	-19.6	-26.0	25
2	2.4	0.0	-2.5	-25.0	40
3	5.4	0.0	-28.4	-30.5	34
4	13.8	-0.1	56.1	-49.5	13
5	13.8	-0.1	23.2	-51.5	11

1	2.3	0.0	-2.4	-25.0	40
2	5.4	0.0	-28.1	-31.0	34

1	2.3	0.0	-2.4	-25.0	40
2	5.4	0.0	-28.4	-29.5	34

1	2.1	0.0	-53.3	-24.5	41
2	5.4	0.0	-28.4	-30.5	35

1	0.9	0.0	-19.1	-24.5	26
2	5.4	0.0	-28.0	-30.0	34

1	1.4	0.0	-19.2	-25.0	37
2	2.4	0.0	-2.5	-25.5	40
3	5.5	0.0	-27.9	-30.0	35

1	2.4	0.0	-2.4	-25.5	39
2	5.4	0.0	-28.2	-30.5	35

1	0.9	0.0	-19.0	-26.0	25
2	2.4	0.0	-2.5	-25.5	40
3	5.5	0.0	-28.8	-30.5	35

1	2.4	0.0	-2.4	-25.5	39
2	5.5	0.0	-28.7	-30.5	33

1	2.4	0.0	-2.3	-25.5	39
2	5.4	0.0	-28.7	-30.5	34

1	2.4	0.0	-2.4	-26.0	40
2	5.4	0.0	15.5	-30.5	34

1	2.4	0.0	-2.4	-26.0	39
2	5.4	0.0	15.1	-31.0	33
3	9.5	0.0	-34.7	-46.0	16

1	0.9	0.0	-19.0	-26.5	25
2	2.4	0.0	-2.3	-26.0	39
3	5.4	0.0	13.2	-30.5	34

1	0.9	0.0	-19.2	-26.0	26
2	2.5	0.0	-2.2	-26.5	39
3	5.4	0.0	14.9	-30.0	35

1	0.9	0.0	-19.2	-25.5	27
2	2.5	0.0	-2.3	-26.5	40
3	5.4	0.0	-29.3	-30.0	34

1	0.9	0.0	42.3	-25.5	26
2	0.9	0.0	-19.1	-26.5	25
3	2.5	0.0	-2.3	-26.5	39
4	5.4	0.0	-28.9	-30.0	35

1	0.9	0.0	42.3	-25.5	26
2	0.9	0.0	-18.9	-26.5	25
3	2.5	0.0	-2.2	-26.5	39
4	5.4	0.0	-29.1	-30.5	34

1	0.9	0.0	42.3	-25.5	27
2	0.9	0.0	-9.2	-27.5	25
3	2.5	0.0	-2.3	-26.5	40
4	5.4	0.0	-29.1	-30.5	35

1	0.9	0.0	42.3	-25.5	26
2	2.5	0.0	-2.3	-26.0	40
3	5.4	0.0	-29.2	-30.0	34

1	1.0	0.0	-34.6	-25.5	39
2	2.5	0.0	-2.4	-26.0	39
3	5.4	0.0	16.1	-30.5	36

1	1.1	0.0	-34.7	-25.5	39
2	2.4	0.0	-2.3	-26.0	39
3	5.4	0.0	-29.2	-30.0	34

1	1.2	0.0	-34.8	-25.5	38
2	2.4	0.0	-2.4	-26.0	39
3	5.4	0.0	16.0	-30.0	35

1	1.1	0.0	-13.9	-25.5	38
2	2.4	0.0	-2.4	-26.0	39
3	5.4	0.0	15.8	-30.0	33

1	1.0	0.0	-14.0	-26.0	39
2	2.4	0.0	-2.4	-26.0	39
3	5.4	0.0	-29.1	-31.0	34

1	1.0	0.0	-14.1	-26.0	38
2	1.0	0.0	-28.0	-28.0	36
3	1.0	0.0	-19.5	-30.0	34
4	2.4	0.0	-2.3	-26.0	39
5	5.5	0.0	-29.0	-31.5	32

1	0.9	0.0	-35.2	-26.0	25
2	2.5	0.0	-2.4	-26.0	39
3	5.5	0.0	-27.8	-31.5	34

1	0.9	0.0	-14.1	-26.5	26
2	0.9	0.0	-9.2	-27.5	25
3	2.4	0.0	-2.5	-25.5	38
4	5.3	0.0	16.1	-31.0	34

1	2.4	0.0	-2.5	-25.5	39
2	5.4	0.0	16.5	-29.5	35

1	2.3	0.0	-2.5	-25.5	41
2	5.4	0.0	-29.1	-30.0	34

1	2.1	0.0	-2.6	-25.5	41
2	5.4	0.0	-28.9	-30.5	35

1	0.9	0.0	-14.5	-26.0	25
2	2.2	0.0	-2.7	-25.0	40
3	5.4	0.0	-28.5	-30.0	34
4	9.4	0.0	44.7	-47.5	14

1	0.9	0.0	-14.3	-26.0	25
2	0.9	0.0	-65.5	-28.0	23
3	2.2	0.0	-2.6	-25.0	41
4	5.4	0.0	-28.2	-30.5	34
5	9.5	-0.1	44.2	-47.5	15
6	9.5	-0.1	-28.1	-48.5	14

1	0.9	0.0	-14.2	-26.0	26
2	2.4	0.0	-2.6	-25.0	40
3	5.4	0.0	-63.2	-30.5	34
4	9.4	0.0	45.8	-47.0	16

1	0.9	0.0	-14.2	-26.0	25
2	2.4	0.0	-2.5	-25.0	41
3	5.3	0.0	-28.3	-30.0	35
4	9.3	0.0	66.4	-46.0	16
5	9.3	0.0	-40.3	-46.0	16
6	9.3	0.0	-6.0	-48.0	14

1	0.9	0.0	-14.2	-26.0	25
2	2.4	0.0	-2.5	-25.0	41
3	5.3	0.0	-28.3	-29.5	34

1	2.3	0.0	-2.4	-24.5	41
2	5.3	0.0	-28.5	-31.0	34

1	2.2	0.0	-2.4	-24.0	42
2	5.5	0.0	-28.9	-31.0	34
3	9.3	0.0	-34.5	-47.0	14
4	9.3	0.0	8.6	-48.0	13
5	9.3	0.0	-25.9	-49.0	12

1	2.3	0.0	-2.3	-23.5	42
2	5.5	0.0	-28.6	-30.5	35
3	9.5	0.0	37.0	-47.5	15
4	9.5	0.0	46.2	-48.5	14
5	9.5	0.0	1.9	-49.5	13

1	2.4	0.0	-2.2	-23.5	41
2	5.4	0.0	-28.4	-29.5	36
3	9.4	0.0	-33.8	-47.0	15

1	2.4	0.0	-2.2	-23.0	42
2	5.6	0.0	-28.3	-31.5	33

1	2.4	0.0	-2.0	-22.5	43
2	5.7	0.0	-28.6	-31.0	33

1	2.4	0.0	-1.9	-22.0	43
2	5.4	0.0	-28.7	-30.5	35

1	2.4	0.0	-1.8	-21.5	44
2	5.4	0.0	-28.3	-30.0	34

1	2.4	0.0	-1.6	-21.5	43
2	5.4	0.0	-28.1	-29.5	35

1	2.4	0.0	-1.6	-21.5	43
2	5.6	0.0	-28.4	-30.0	37

1	2.4	0.0	-1.7	-22.0	42
2	5.5	0.0	-28.0	-29.5	35

1	2.5	0.0	-1.7	-21.5	42
2	5.5	0.0	-27.9	-30.5	34

1	2.4	0.0	-1.7	-22.0	42
2	5.4	0.0	-27.8	-30.0	34

1	2.4	0.0	-1.7	-22.0	41
2	5.4	0.0	-28.0	-30.5	34

1	2.4	0.0	-1.8	-22.0	42
2	5.4	0.0	-27.6	-30.5	34

1	2.4	0.0	-1.8	-22.0	42
2	5.4	0.0	16.6	-29.0	36

1	2.4	0.0	-1.8	-22.0	41
2	5.4	0.0	16.7	-28.5	36

1	2.4	0.0	-2.1	-22.5	42
2	5.4	0.0	-28.4	-28.5	37

1	2.4	0.0	-2.0	-22.0	42
2	5.5	0.0	-28.0	-29.0	36

1	2.4	0.0	-1.8	-22.0	41
2	5.6	0.0	-27.4	-30.5	35

1	2.4	0.0	-1.8	-22.0	42
2	5.5	0.0	-27.1	-31.0	33
3	13.6	-0.1	-9.2	-48.5	13

1	2.4	0.0	-1.9	-22.0	42
2	5.4	0.0	-27.6	-31.0	32

1	2.4	0.0	-2.0	-21.5	42
2	5.4	0.0	-54.7	-31.5	33

1	2.5	0.0	-2.0	-21.5	41
2	5.5	0.0	-28.6	-31.0	33

1	2.4	0.0	-1.9	-21.0	41
2	5.6	0.0	-27.8	-31.0	33

1	2.4	0.0	-1.8	-21.0	42
2	5.7	0.0	-28.1	-32.0	32

1	2.4	0.0	-1.7	-21.0	41
2	5.6	0.0	-27.9	-31.5	33
3	13.7	0.0	3.7	-49.0	13

1	2.5	0.0	-1.8	-20.5	42
2	5.6	0.0	-27.5	-31.5	33
